# E (eV) pdosup(E)  pdosdw(E) 
 -6.474  0.000E+00  0.000E+00
 -6.464  0.156E-02  0.156E-02
 -6.454  0.737E-02  0.737E-02
 -6.444  0.131E-01  0.131E-01
 -6.434  0.198E-01  0.198E-01
 -6.424  0.295E-01  0.295E-01
 -6.414  0.401E-01  0.401E-01
 -6.404  0.465E-01  0.465E-01
 -6.394  0.531E-01  0.531E-01
 -6.384  0.613E-01  0.613E-01
 -6.374  0.698E-01  0.698E-01
 -6.364  0.830E-01  0.831E-01
 -6.354  0.964E-01  0.964E-01
 -6.344  0.112E+00  0.112E+00
 -6.334  0.130E+00  0.130E+00
 -6.324  0.149E+00  0.149E+00
 -6.314  0.170E+00  0.170E+00
 -6.304  0.194E+00  0.194E+00
 -6.294  0.219E+00  0.219E+00
 -6.284  0.248E+00  0.248E+00
 -6.274  0.322E+00  0.322E+00
 -6.264  0.361E+00  0.361E+00
 -6.254  0.357E+00  0.357E+00
 -6.244  0.357E+00  0.357E+00
 -6.234  0.370E+00  0.370E+00
 -6.224  0.365E+00  0.365E+00
 -6.214  0.404E+00  0.404E+00
 -6.204  0.486E+00  0.486E+00
 -6.194  0.582E+00  0.582E+00
 -6.184  0.772E+00  0.772E+00
 -6.174  0.855E+00  0.855E+00
 -6.164  0.598E+00  0.598E+00
 -6.154  0.461E+00  0.461E+00
 -6.144  0.386E+00  0.386E+00
 -6.134  0.608E+00  0.608E+00
 -6.124  0.687E+00  0.687E+00
 -6.114  0.839E+00  0.839E+00
 -6.104  0.135E+01  0.135E+01
 -6.094  0.125E+01  0.125E+01
 -6.084  0.124E+01  0.124E+01
 -6.074  0.128E+01  0.128E+01
 -6.064  0.162E+01  0.162E+01
 -6.054  0.179E+01  0.179E+01
 -6.044  0.175E+01  0.175E+01
 -6.034  0.156E+01  0.156E+01
 -6.024  0.149E+01  0.149E+01
 -6.014  0.166E+01  0.166E+01
 -6.004  0.197E+01  0.197E+01
 -5.994  0.207E+01  0.207E+01
 -5.984  0.253E+01  0.253E+01
 -5.974  0.255E+01  0.255E+01
 -5.964  0.263E+01  0.263E+01
 -5.954  0.306E+01  0.306E+01
 -5.944  0.328E+01  0.329E+01
 -5.934  0.351E+01  0.351E+01
 -5.924  0.374E+01  0.374E+01
 -5.914  0.386E+01  0.386E+01
 -5.904  0.394E+01  0.394E+01
 -5.894  0.465E+01  0.465E+01
 -5.884  0.516E+01  0.516E+01
 -5.874  0.591E+01  0.591E+01
 -5.864  0.648E+01  0.648E+01
 -5.854  0.608E+01  0.608E+01
 -5.844  0.544E+01  0.544E+01
 -5.834  0.758E+01  0.758E+01
 -5.824  0.747E+01  0.747E+01
 -5.814  0.926E+01  0.926E+01
 -5.804  0.105E+02  0.105E+02
 -5.794  0.102E+02  0.102E+02
 -5.784  0.858E+01  0.858E+01
 -5.774  0.964E+01  0.964E+01
 -5.764  0.138E+02  0.138E+02
 -5.754  0.195E+02  0.195E+02
 -5.744  0.177E+02  0.177E+02
 -5.734  0.171E+02  0.171E+02
 -5.724  0.188E+02  0.188E+02
 -5.714  0.266E+02  0.266E+02
 -5.704  0.293E+02  0.293E+02
 -5.694  0.282E+02  0.282E+02
 -5.684  0.332E+02  0.332E+02
 -5.674  0.527E+02  0.527E+02
 -5.664  0.498E+02  0.498E+02
 -5.654  0.533E+02  0.533E+02
 -5.644  0.501E+02  0.501E+02
 -5.634  0.794E+02  0.794E+02
 -5.624  0.477E+02  0.477E+02
 -5.614  0.568E+02  0.568E+02
 -5.604  0.102E+03  0.101E+03
 -5.594  0.745E+02  0.745E+02
 -5.584  0.812E+02  0.812E+02
 -5.574  0.102E+03  0.102E+03
 -5.564  0.144E+03  0.144E+03
 -5.554  0.116E+03  0.116E+03
 -5.544  0.231E+03  0.231E+03
 -5.534  0.210E+03  0.209E+03
 -5.524  0.391E+02  0.388E+02
 -5.514  0.000E+00  0.000E+00
 -5.504  0.000E+00  0.000E+00
 -5.494  0.265E+03  0.265E+03
 -5.484  0.000E+00  0.000E+00
 -5.474  0.000E+00  0.000E+00
 -5.464  0.000E+00  0.000E+00
 -5.454  0.000E+00  0.000E+00
 -5.444  0.000E+00  0.000E+00
 -5.434  0.000E+00  0.000E+00
 -5.424  0.000E+00  0.000E+00
 -5.414  0.000E+00  0.000E+00
 -5.404  0.000E+00  0.000E+00
 -5.394  0.000E+00  0.000E+00
 -5.384  0.000E+00  0.000E+00
 -5.374  0.000E+00  0.000E+00
 -5.364  0.000E+00  0.000E+00
 -5.354  0.000E+00  0.000E+00
 -5.344  0.000E+00  0.000E+00
 -5.334  0.000E+00  0.000E+00
 -5.324  0.000E+00  0.000E+00
 -5.314  0.000E+00  0.000E+00
 -5.304  0.000E+00  0.000E+00
 -5.294  0.000E+00  0.000E+00
 -5.284  0.000E+00  0.000E+00
 -5.274  0.000E+00  0.000E+00
 -5.264  0.000E+00  0.000E+00
 -5.254  0.000E+00  0.000E+00
 -5.244  0.000E+00  0.000E+00
 -5.234  0.000E+00  0.000E+00
 -5.224  0.000E+00  0.000E+00
 -5.214  0.000E+00  0.000E+00
 -5.204  0.000E+00  0.000E+00
 -5.194  0.000E+00  0.000E+00
 -5.184  0.000E+00  0.000E+00
 -5.174  0.000E+00  0.000E+00
 -5.164  0.000E+00  0.000E+00
 -5.154  0.000E+00  0.000E+00
 -5.144  0.000E+00  0.000E+00
 -5.134  0.000E+00  0.000E+00
 -5.124  0.000E+00  0.000E+00
 -5.114  0.000E+00  0.000E+00
 -5.104  0.000E+00  0.000E+00
 -5.094  0.000E+00  0.000E+00
 -5.084  0.000E+00  0.000E+00
 -5.074  0.000E+00  0.000E+00
 -5.064  0.000E+00  0.000E+00
 -5.054  0.000E+00  0.000E+00
 -5.044  0.000E+00  0.000E+00
 -5.034  0.000E+00  0.000E+00
 -5.024  0.000E+00  0.000E+00
 -5.014  0.000E+00  0.000E+00
 -5.004  0.000E+00  0.000E+00
 -4.994  0.000E+00  0.000E+00
 -4.984  0.000E+00  0.000E+00
 -4.974  0.000E+00  0.000E+00
 -4.964  0.000E+00  0.000E+00
 -4.954  0.000E+00  0.000E+00
 -4.944  0.000E+00  0.000E+00
 -4.934  0.000E+00  0.000E+00
 -4.924  0.000E+00  0.000E+00
 -4.914  0.000E+00  0.000E+00
 -4.904  0.000E+00  0.000E+00
 -4.894  0.000E+00  0.000E+00
 -4.884  0.000E+00  0.000E+00
 -4.874  0.000E+00  0.000E+00
 -4.864  0.000E+00  0.000E+00
 -4.854  0.000E+00  0.000E+00
 -4.844  0.000E+00  0.000E+00
 -4.834  0.000E+00  0.000E+00
 -4.824  0.000E+00  0.000E+00
 -4.814  0.000E+00  0.000E+00
 -4.804  0.000E+00  0.000E+00
 -4.794  0.000E+00  0.000E+00
 -4.784  0.000E+00  0.000E+00
 -4.774  0.000E+00  0.000E+00
 -4.764  0.000E+00  0.000E+00
 -4.754  0.000E+00  0.000E+00
 -4.744  0.000E+00  0.000E+00
 -4.734  0.000E+00  0.000E+00
 -4.724  0.000E+00  0.000E+00
 -4.714  0.000E+00  0.000E+00
 -4.704  0.000E+00  0.000E+00
 -4.694  0.000E+00  0.000E+00
 -4.684  0.000E+00  0.000E+00
 -4.674  0.000E+00  0.000E+00
 -4.664  0.000E+00  0.000E+00
 -4.654  0.000E+00  0.000E+00
 -4.644  0.000E+00  0.000E+00
 -4.634  0.000E+00  0.000E+00
 -4.624  0.000E+00  0.000E+00
 -4.614  0.000E+00  0.000E+00
 -4.604  0.000E+00  0.000E+00
 -4.594  0.000E+00  0.000E+00
 -4.584  0.000E+00  0.000E+00
 -4.574  0.000E+00  0.000E+00
 -4.564  0.000E+00  0.000E+00
 -4.554  0.000E+00  0.000E+00
 -4.544  0.000E+00  0.000E+00
 -4.534  0.000E+00  0.000E+00
 -4.524  0.000E+00  0.000E+00
 -4.514  0.000E+00  0.000E+00
 -4.504  0.000E+00  0.000E+00
 -4.494  0.000E+00  0.000E+00
 -4.484  0.000E+00  0.000E+00
 -4.474  0.000E+00  0.000E+00
 -4.464  0.000E+00  0.000E+00
 -4.454  0.000E+00  0.000E+00
 -4.444  0.000E+00  0.000E+00
 -4.434  0.000E+00  0.000E+00
 -4.424  0.000E+00  0.000E+00
 -4.414  0.000E+00  0.000E+00
 -4.404  0.000E+00  0.000E+00
 -4.394  0.000E+00  0.000E+00
 -4.384  0.000E+00  0.000E+00
 -4.374  0.000E+00  0.000E+00
 -4.364  0.000E+00  0.000E+00
 -4.354  0.000E+00  0.000E+00
 -4.344  0.000E+00  0.000E+00
 -4.334  0.000E+00  0.000E+00
 -4.324  0.000E+00  0.000E+00
 -4.314  0.000E+00  0.000E+00
 -4.304  0.000E+00  0.000E+00
 -4.294  0.000E+00  0.000E+00
 -4.284  0.000E+00  0.000E+00
 -4.274  0.000E+00  0.000E+00
 -4.264  0.000E+00  0.000E+00
 -4.254  0.800E+02  0.804E+02
 -4.244  0.000E+00  0.000E+00
 -4.234  0.000E+00  0.000E+00
 -4.224  0.000E+00  0.000E+00
 -4.214  0.000E+00  0.000E+00
 -4.204  0.383E+02  0.383E+02
 -4.194  0.119E+03  0.119E+03
 -4.184  0.257E+03  0.257E+03
 -4.174  0.351E+03  0.351E+03
 -4.164  0.492E+03  0.492E+03
 -4.154  0.586E+03  0.586E+03
 -4.144  0.811E+03  0.811E+03
 -4.134  0.827E+03  0.827E+03
 -4.124  0.646E+03  0.646E+03
 -4.114  0.821E+03  0.821E+03
 -4.104  0.631E+03  0.631E+03
 -4.094  0.576E+03  0.576E+03
 -4.084  0.605E+03  0.605E+03
 -4.074  0.520E+03  0.520E+03
 -4.064  0.498E+03  0.498E+03
 -4.054  0.465E+03  0.465E+03
 -4.044  0.412E+03  0.412E+03
 -4.034  0.396E+03  0.396E+03
 -4.024  0.450E+03  0.450E+03
 -4.014  0.673E+03  0.673E+03
 -4.004  0.692E+03  0.692E+03
 -3.994  0.618E+03  0.618E+03
 -3.984  0.103E+04  0.103E+04
 -3.974  0.677E+03  0.677E+03
 -3.964  0.773E+03  0.773E+03
 -3.954  0.472E+03  0.472E+03
 -3.944  0.569E+03  0.569E+03
 -3.934  0.465E+03  0.465E+03
 -3.924  0.710E+03  0.710E+03
 -3.914  0.690E+03  0.690E+03
 -3.904  0.850E+03  0.849E+03
 -3.894  0.954E+03  0.954E+03
 -3.884  0.537E+03  0.537E+03
 -3.874  0.287E+03  0.287E+03
 -3.864  0.382E+03  0.382E+03
 -3.854  0.118E+03  0.118E+03
 -3.844  0.130E+03  0.130E+03
 -3.834  0.386E+02  0.386E+02
 -3.824  0.106E+03  0.106E+03
 -3.814  0.564E+02  0.564E+02
 -3.804  0.434E+02  0.434E+02
 -3.794  0.827E+02  0.827E+02
 -3.784  0.661E+02  0.660E+02
 -3.774  0.110E+03  0.110E+03
 -3.764  0.568E+02  0.568E+02
 -3.754  0.651E+02  0.651E+02
 -3.744  0.134E+03  0.134E+03
 -3.734  0.247E+03  0.246E+03
 -3.724  0.387E+02  0.387E+02
 -3.714  0.285E+02  0.285E+02
 -3.704  0.233E+02  0.233E+02
 -3.694  0.228E+02  0.228E+02
 -3.684  0.235E+02  0.235E+02
 -3.674  0.276E+02  0.276E+02
 -3.664  0.280E+02  0.280E+02
 -3.654  0.281E+02  0.281E+02
 -3.644  0.276E+02  0.276E+02
 -3.634  0.319E+02  0.318E+02
 -3.624  0.714E+02  0.715E+02
 -3.614  0.407E+02  0.407E+02
 -3.604  0.251E+02  0.251E+02
 -3.594  0.198E+02  0.199E+02
 -3.584  0.179E+02  0.179E+02
 -3.574  0.156E+02  0.156E+02
 -3.564  0.135E+02  0.135E+02
 -3.554  0.114E+02  0.114E+02
 -3.544  0.118E+02  0.118E+02
 -3.534  0.124E+02  0.124E+02
 -3.524  0.126E+02  0.126E+02
 -3.514  0.122E+02  0.122E+02
 -3.504  0.126E+02  0.126E+02
 -3.494  0.143E+02  0.143E+02
 -3.484  0.149E+02  0.149E+02
 -3.474  0.150E+02  0.150E+02
 -3.464  0.163E+02  0.163E+02
 -3.454  0.138E+02  0.138E+02
 -3.444  0.122E+02  0.122E+02
 -3.434  0.110E+02  0.110E+02
 -3.424  0.100E+02  0.100E+02
 -3.414  0.980E+01  0.980E+01
 -3.404  0.996E+01  0.996E+01
 -3.394  0.117E+02  0.117E+02
 -3.384  0.138E+02  0.138E+02
 -3.374  0.133E+02  0.133E+02
 -3.364  0.128E+02  0.128E+02
 -3.354  0.112E+02  0.112E+02
 -3.344  0.104E+02  0.104E+02
 -3.334  0.101E+02  0.101E+02
 -3.324  0.104E+02  0.104E+02
 -3.314  0.122E+02  0.122E+02
 -3.304  0.130E+02  0.130E+02
 -3.294  0.147E+02  0.147E+02
 -3.284  0.148E+02  0.148E+02
 -3.274  0.135E+02  0.135E+02
 -3.264  0.125E+02  0.125E+02
 -3.254  0.125E+02  0.125E+02
 -3.244  0.131E+02  0.131E+02
 -3.234  0.129E+02  0.129E+02
 -3.224  0.125E+02  0.125E+02
 -3.214  0.122E+02  0.122E+02
 -3.204  0.125E+02  0.126E+02
 -3.194  0.126E+02  0.126E+02
 -3.184  0.120E+02  0.120E+02
 -3.174  0.109E+02  0.109E+02
 -3.164  0.106E+02  0.106E+02
 -3.154  0.108E+02  0.108E+02
 -3.144  0.108E+02  0.108E+02
 -3.134  0.114E+02  0.114E+02
 -3.124  0.149E+02  0.149E+02
 -3.114  0.156E+02  0.156E+02
 -3.104  0.149E+02  0.149E+02
 -3.094  0.146E+02  0.146E+02
 -3.084  0.143E+02  0.143E+02
 -3.074  0.131E+02  0.131E+02
 -3.064  0.124E+02  0.124E+02
 -3.054  0.118E+02  0.118E+02
 -3.044  0.111E+02  0.111E+02
 -3.034  0.121E+02  0.121E+02
 -3.024  0.130E+02  0.130E+02
 -3.014  0.148E+02  0.148E+02
 -3.004  0.155E+02  0.155E+02
 -2.994  0.151E+02  0.151E+02
 -2.984  0.141E+02  0.141E+02
 -2.974  0.139E+02  0.139E+02
 -2.964  0.135E+02  0.135E+02
 -2.954  0.125E+02  0.125E+02
 -2.944  0.125E+02  0.125E+02
 -2.934  0.127E+02  0.127E+02
 -2.924  0.133E+02  0.133E+02
 -2.914  0.141E+02  0.141E+02
 -2.904  0.141E+02  0.141E+02
 -2.894  0.149E+02  0.149E+02
 -2.884  0.165E+02  0.165E+02
 -2.874  0.173E+02  0.173E+02
 -2.864  0.172E+02  0.172E+02
 -2.854  0.174E+02  0.174E+02
 -2.844  0.165E+02  0.165E+02
 -2.834  0.158E+02  0.158E+02
 -2.824  0.162E+02  0.162E+02
 -2.814  0.180E+02  0.180E+02
 -2.804  0.179E+02  0.179E+02
 -2.794  0.174E+02  0.174E+02
 -2.784  0.152E+02  0.152E+02
 -2.774  0.176E+02  0.176E+02
 -2.764  0.170E+02  0.170E+02
 -2.754  0.172E+02  0.172E+02
 -2.744  0.185E+02  0.185E+02
 -2.734  0.186E+02  0.186E+02
 -2.724  0.182E+02  0.182E+02
 -2.714  0.172E+02  0.172E+02
 -2.704  0.151E+02  0.151E+02
 -2.694  0.156E+02  0.156E+02
 -2.684  0.178E+02  0.178E+02
 -2.674  0.221E+02  0.221E+02
 -2.664  0.337E+02  0.337E+02
 -2.654  0.227E+02  0.227E+02
 -2.644  0.211E+02  0.211E+02
 -2.634  0.192E+02  0.192E+02
 -2.624  0.243E+02  0.243E+02
 -2.614  0.239E+02  0.239E+02
 -2.604  0.224E+02  0.224E+02
 -2.594  0.179E+02  0.179E+02
 -2.584  0.167E+02  0.167E+02
 -2.574  0.156E+02  0.156E+02
 -2.564  0.159E+02  0.159E+02
 -2.554  0.158E+02  0.158E+02
 -2.544  0.186E+02  0.186E+02
 -2.534  0.218E+02  0.218E+02
 -2.524  0.227E+02  0.227E+02
 -2.514  0.219E+02  0.219E+02
 -2.504  0.237E+02  0.237E+02
 -2.494  0.218E+02  0.218E+02
 -2.484  0.206E+02  0.206E+02
 -2.474  0.223E+02  0.223E+02
 -2.464  0.226E+02  0.226E+02
 -2.454  0.195E+02  0.195E+02
 -2.444  0.187E+02  0.187E+02
 -2.434  0.182E+02  0.182E+02
 -2.424  0.186E+02  0.186E+02
 -2.414  0.195E+02  0.195E+02
 -2.404  0.214E+02  0.214E+02
 -2.394  0.197E+02  0.197E+02
 -2.384  0.197E+02  0.197E+02
 -2.374  0.207E+02  0.207E+02
 -2.364  0.227E+02  0.227E+02
 -2.354  0.199E+02  0.199E+02
 -2.344  0.200E+02  0.200E+02
 -2.334  0.183E+02  0.183E+02
 -2.324  0.170E+02  0.170E+02
 -2.314  0.244E+02  0.244E+02
 -2.304  0.216E+02  0.216E+02
 -2.294  0.208E+02  0.208E+02
 -2.284  0.217E+02  0.217E+02
 -2.274  0.190E+02  0.190E+02
 -2.264  0.174E+02  0.174E+02
 -2.254  0.200E+02  0.200E+02
 -2.244  0.220E+02  0.220E+02
 -2.234  0.228E+02  0.228E+02
 -2.224  0.253E+02  0.253E+02
 -2.214  0.221E+02  0.221E+02
 -2.204  0.215E+02  0.215E+02
 -2.194  0.220E+02  0.220E+02
 -2.184  0.251E+02  0.251E+02
 -2.174  0.247E+02  0.247E+02
 -2.164  0.219E+02  0.219E+02
 -2.154  0.186E+02  0.186E+02
 -2.144  0.260E+02  0.260E+02
 -2.134  0.256E+02  0.256E+02
 -2.124  0.285E+02  0.285E+02
 -2.114  0.275E+02  0.274E+02
 -2.104  0.224E+02  0.224E+02
 -2.094  0.222E+02  0.222E+02
 -2.084  0.216E+02  0.216E+02
 -2.074  0.205E+02  0.205E+02
 -2.064  0.198E+02  0.198E+02
 -2.054  0.202E+02  0.202E+02
 -2.044  0.157E+02  0.157E+02
 -2.034  0.134E+02  0.134E+02
 -2.024  0.119E+02  0.119E+02
 -2.014  0.103E+02  0.103E+02
 -2.004  0.843E+01  0.843E+01
 -1.994  0.659E+01  0.659E+01
 -1.984  0.497E+01  0.497E+01
 -1.974  0.298E+01  0.298E+01
 -1.964  0.000E+00  0.000E+00
 -1.954  0.000E+00  0.000E+00
 -1.944  0.000E+00  0.000E+00
 -1.934  0.000E+00  0.000E+00
 -1.924  0.000E+00  0.000E+00
 -1.914  0.000E+00  0.000E+00
 -1.904  0.000E+00  0.000E+00
 -1.894  0.000E+00  0.000E+00
 -1.884  0.000E+00  0.000E+00
 -1.874  0.000E+00  0.000E+00
 -1.864  0.000E+00  0.000E+00
 -1.854  0.000E+00  0.000E+00
 -1.844  0.000E+00  0.000E+00
 -1.834  0.000E+00  0.000E+00
 -1.824  0.000E+00  0.000E+00
 -1.814  0.000E+00  0.000E+00
 -1.804  0.000E+00  0.000E+00
 -1.794  0.000E+00  0.000E+00
 -1.784  0.000E+00  0.000E+00
 -1.774  0.000E+00  0.000E+00
 -1.764  0.000E+00  0.000E+00
 -1.754  0.000E+00  0.000E+00
 -1.744  0.000E+00  0.000E+00
 -1.734  0.000E+00  0.000E+00
 -1.724  0.000E+00  0.000E+00
 -1.714  0.000E+00  0.000E+00
 -1.704  0.000E+00  0.000E+00
 -1.694  0.000E+00  0.000E+00
 -1.684  0.000E+00  0.000E+00
 -1.674  0.000E+00  0.000E+00
 -1.664  0.000E+00  0.000E+00
 -1.654  0.000E+00  0.000E+00
 -1.644  0.000E+00  0.000E+00
 -1.634  0.000E+00  0.000E+00
 -1.624  0.000E+00  0.000E+00
 -1.614  0.000E+00  0.000E+00
 -1.604  0.000E+00  0.000E+00
 -1.594  0.000E+00  0.000E+00
 -1.584  0.000E+00  0.000E+00
 -1.574  0.000E+00  0.000E+00
 -1.564  0.000E+00  0.000E+00
 -1.554  0.000E+00  0.000E+00
 -1.544  0.000E+00  0.000E+00
 -1.534  0.000E+00  0.000E+00
 -1.524  0.000E+00  0.000E+00
 -1.514  0.000E+00  0.000E+00
 -1.504  0.000E+00  0.000E+00
 -1.494  0.000E+00  0.000E+00
 -1.484  0.000E+00  0.000E+00
 -1.474  0.000E+00  0.000E+00
 -1.464  0.000E+00  0.000E+00
 -1.454  0.000E+00  0.000E+00
 -1.444  0.000E+00  0.000E+00
 -1.434  0.000E+00  0.000E+00
 -1.424  0.000E+00  0.000E+00
 -1.414  0.000E+00  0.000E+00
 -1.404  0.000E+00  0.000E+00
 -1.394  0.000E+00  0.000E+00
 -1.384  0.000E+00  0.000E+00
 -1.374  0.000E+00  0.000E+00
 -1.364  0.000E+00  0.000E+00
 -1.354  0.000E+00  0.000E+00
 -1.344  0.000E+00  0.000E+00
 -1.334  0.000E+00  0.000E+00
 -1.324  0.000E+00  0.000E+00
 -1.314  0.000E+00  0.000E+00
 -1.304  0.000E+00  0.000E+00
 -1.294  0.000E+00  0.000E+00
 -1.284  0.000E+00  0.000E+00
 -1.274  0.000E+00  0.000E+00
 -1.264  0.000E+00  0.000E+00
 -1.254  0.000E+00  0.000E+00
 -1.244  0.000E+00  0.000E+00
 -1.234  0.000E+00  0.000E+00
 -1.224  0.000E+00  0.000E+00
 -1.214  0.000E+00  0.000E+00
 -1.204  0.000E+00  0.000E+00
 -1.194  0.000E+00  0.000E+00
 -1.184  0.000E+00  0.000E+00
 -1.174  0.000E+00  0.000E+00
 -1.164  0.000E+00  0.000E+00
 -1.154  0.000E+00  0.000E+00
 -1.144  0.000E+00  0.000E+00
 -1.134  0.000E+00  0.000E+00
 -1.124  0.000E+00  0.000E+00
 -1.114  0.000E+00  0.000E+00
 -1.104  0.000E+00  0.000E+00
 -1.094  0.000E+00  0.000E+00
 -1.084  0.000E+00  0.000E+00
 -1.074  0.000E+00  0.000E+00
 -1.064  0.000E+00  0.000E+00
 -1.054  0.000E+00  0.000E+00
 -1.044  0.000E+00  0.000E+00
 -1.034  0.000E+00  0.000E+00
 -1.024  0.000E+00  0.000E+00
 -1.014  0.000E+00  0.000E+00
 -1.004  0.000E+00  0.000E+00
 -0.994  0.000E+00  0.000E+00
 -0.984  0.000E+00  0.000E+00
 -0.974  0.000E+00  0.000E+00
 -0.964  0.000E+00  0.000E+00
 -0.954  0.000E+00  0.000E+00
 -0.944  0.000E+00  0.000E+00
 -0.934  0.000E+00  0.000E+00
 -0.924  0.000E+00  0.000E+00
 -0.914  0.000E+00  0.000E+00
 -0.904  0.000E+00  0.000E+00
 -0.894  0.000E+00  0.000E+00
 -0.884  0.000E+00  0.000E+00
 -0.874  0.000E+00  0.000E+00
 -0.864  0.000E+00  0.000E+00
 -0.854  0.000E+00  0.000E+00
 -0.844  0.000E+00  0.000E+00
 -0.834  0.000E+00  0.000E+00
 -0.824  0.000E+00  0.000E+00
 -0.814  0.000E+00  0.000E+00
 -0.804  0.000E+00  0.000E+00
 -0.794  0.000E+00  0.000E+00
 -0.784  0.000E+00  0.000E+00
 -0.774  0.000E+00  0.000E+00
 -0.764  0.000E+00  0.000E+00
 -0.754  0.000E+00  0.000E+00
 -0.744  0.000E+00  0.000E+00
 -0.734  0.000E+00  0.000E+00
 -0.724  0.000E+00  0.000E+00
 -0.714  0.000E+00  0.000E+00
 -0.704  0.000E+00  0.000E+00
 -0.694  0.000E+00  0.000E+00
 -0.684  0.000E+00  0.000E+00
 -0.674  0.000E+00  0.000E+00
 -0.664  0.000E+00  0.000E+00
 -0.654  0.000E+00  0.000E+00
 -0.644  0.000E+00  0.000E+00
 -0.634  0.000E+00  0.000E+00
 -0.624  0.000E+00  0.000E+00
 -0.614  0.000E+00  0.000E+00
 -0.604  0.000E+00  0.000E+00
 -0.594  0.000E+00  0.000E+00
 -0.584  0.000E+00  0.000E+00
 -0.574  0.000E+00  0.000E+00
 -0.564  0.000E+00  0.000E+00
 -0.554  0.000E+00  0.000E+00
 -0.544  0.000E+00  0.000E+00
 -0.534  0.000E+00  0.000E+00
 -0.524  0.000E+00  0.000E+00
 -0.514  0.000E+00  0.000E+00
 -0.504  0.000E+00  0.000E+00
 -0.494  0.000E+00  0.000E+00
 -0.484  0.000E+00  0.000E+00
 -0.474  0.000E+00  0.000E+00
 -0.464  0.000E+00  0.000E+00
 -0.454  0.000E+00  0.000E+00
 -0.444  0.000E+00  0.000E+00
 -0.434  0.000E+00  0.000E+00
 -0.424  0.000E+00  0.000E+00
 -0.414  0.000E+00  0.000E+00
 -0.404  0.000E+00  0.000E+00
 -0.394  0.000E+00  0.000E+00
 -0.384  0.000E+00  0.000E+00
 -0.374  0.000E+00  0.000E+00
 -0.364  0.000E+00  0.000E+00
 -0.354  0.000E+00  0.000E+00
 -0.344  0.000E+00  0.000E+00
 -0.334  0.000E+00  0.000E+00
 -0.324  0.000E+00  0.000E+00
 -0.314  0.000E+00  0.000E+00
 -0.304  0.000E+00  0.000E+00
 -0.294  0.000E+00  0.000E+00
 -0.284  0.000E+00  0.000E+00
 -0.274  0.000E+00  0.000E+00
 -0.264  0.000E+00  0.000E+00
 -0.254  0.000E+00  0.000E+00
 -0.244  0.000E+00  0.000E+00
 -0.234  0.000E+00  0.000E+00
 -0.224  0.000E+00  0.000E+00
 -0.214  0.000E+00  0.000E+00
 -0.204  0.000E+00  0.000E+00
 -0.194  0.000E+00  0.000E+00
 -0.184  0.000E+00  0.000E+00
 -0.174  0.000E+00  0.000E+00
 -0.164  0.000E+00  0.000E+00
 -0.154  0.000E+00  0.000E+00
 -0.144  0.000E+00  0.000E+00
 -0.134  0.351E+01  0.370E+01
 -0.124  0.117E+02  0.111E+02
 -0.114  0.000E+00  0.000E+00
 -0.104  0.000E+00  0.000E+00
 -0.094  0.000E+00  0.000E+00
 -0.084  0.000E+00  0.000E+00
 -0.074  0.000E+00  0.000E+00
 -0.064  0.000E+00  0.000E+00
 -0.054  0.000E+00  0.000E+00
 -0.044  0.000E+00  0.000E+00
 -0.034  0.000E+00  0.000E+00
 -0.024  0.000E+00  0.000E+00
 -0.014  0.000E+00  0.000E+00
 -0.004  0.000E+00  0.000E+00
  0.006  0.000E+00  0.000E+00
  0.016  0.000E+00  0.000E+00
  0.026  0.000E+00  0.000E+00
  0.036  0.000E+00  0.000E+00
  0.046  0.000E+00  0.000E+00
  0.056  0.000E+00  0.000E+00
  0.066  0.000E+00  0.000E+00
  0.076  0.000E+00  0.000E+00
  0.086  0.000E+00  0.000E+00
  0.096  0.000E+00  0.000E+00
  0.106  0.000E+00  0.000E+00
  0.116  0.000E+00  0.000E+00
  0.126  0.000E+00  0.000E+00
  0.136  0.000E+00  0.000E+00
  0.146  0.000E+00  0.000E+00
  0.156  0.000E+00  0.000E+00
  0.166  0.000E+00  0.000E+00
  0.176  0.000E+00  0.000E+00
  0.186  0.000E+00  0.000E+00
  0.196  0.000E+00  0.000E+00
  0.206  0.000E+00  0.000E+00
  0.216  0.000E+00  0.000E+00
  0.226  0.000E+00  0.000E+00
  0.236  0.000E+00  0.000E+00
  0.246  0.000E+00  0.000E+00
  0.256  0.000E+00  0.000E+00
  0.266  0.000E+00  0.000E+00
  0.276  0.000E+00  0.000E+00
  0.286  0.000E+00  0.000E+00
  0.296  0.000E+00  0.000E+00
  0.306  0.000E+00  0.000E+00
  0.316  0.000E+00  0.000E+00
  0.326  0.000E+00  0.000E+00
  0.336  0.000E+00  0.000E+00
  0.346  0.000E+00  0.000E+00
  0.356  0.000E+00  0.000E+00
  0.366  0.000E+00  0.000E+00
  0.376  0.000E+00  0.000E+00
  0.386  0.000E+00  0.000E+00
  0.396  0.000E+00  0.000E+00
  0.406  0.000E+00  0.000E+00
  0.416  0.000E+00  0.000E+00
  0.426  0.000E+00  0.000E+00
  0.436  0.000E+00  0.000E+00
  0.446  0.000E+00  0.000E+00
  0.456  0.000E+00  0.000E+00
  0.466  0.000E+00  0.000E+00
  0.476  0.000E+00  0.000E+00
  0.486  0.000E+00  0.000E+00
  0.496  0.000E+00  0.000E+00
  0.506  0.000E+00  0.000E+00
  0.516  0.000E+00  0.000E+00
  0.526  0.000E+00  0.000E+00
  0.536  0.000E+00  0.000E+00
  0.546  0.000E+00  0.000E+00
  0.556  0.000E+00  0.000E+00
  0.566  0.000E+00  0.000E+00
  0.576  0.000E+00  0.000E+00
  0.586  0.000E+00  0.000E+00
  0.596  0.000E+00  0.000E+00
  0.606  0.000E+00  0.000E+00
  0.616  0.000E+00  0.000E+00
  0.626  0.000E+00  0.000E+00
  0.636  0.000E+00  0.000E+00
  0.646  0.000E+00  0.000E+00
  0.656  0.000E+00  0.000E+00
  0.666  0.000E+00  0.000E+00
  0.676  0.000E+00  0.000E+00
  0.686  0.000E+00  0.000E+00
  0.696  0.000E+00  0.000E+00
  0.706  0.000E+00  0.000E+00
  0.716  0.000E+00  0.000E+00
  0.726  0.000E+00  0.000E+00
  0.736  0.000E+00  0.000E+00
  0.746  0.000E+00  0.000E+00
  0.756  0.000E+00  0.000E+00
  0.766  0.000E+00  0.000E+00
  0.776  0.000E+00  0.000E+00
  0.786  0.000E+00  0.000E+00
  0.796  0.000E+00  0.000E+00
  0.806  0.000E+00  0.000E+00
  0.816  0.000E+00  0.000E+00
  0.826  0.000E+00  0.000E+00
  0.836  0.000E+00  0.000E+00
  0.846  0.000E+00  0.000E+00
  0.856  0.000E+00  0.000E+00
  0.866  0.000E+00  0.000E+00
  0.876  0.000E+00  0.000E+00
  0.886  0.000E+00  0.000E+00
  0.896  0.000E+00  0.000E+00
  0.906  0.000E+00  0.000E+00
  0.916  0.000E+00  0.000E+00
  0.926  0.000E+00  0.000E+00
  0.936  0.000E+00  0.000E+00
  0.946  0.000E+00  0.000E+00
  0.956  0.000E+00  0.000E+00
  0.966  0.000E+00  0.000E+00
  0.976  0.000E+00  0.000E+00
  0.986  0.000E+00  0.000E+00
  0.996  0.000E+00  0.000E+00
  1.006  0.000E+00  0.000E+00
  1.016  0.000E+00  0.000E+00
  1.026  0.000E+00  0.000E+00
  1.036  0.000E+00  0.000E+00
  1.046  0.000E+00  0.000E+00
  1.056  0.000E+00  0.000E+00
  1.066  0.000E+00  0.000E+00
  1.076  0.000E+00  0.000E+00
  1.086  0.000E+00  0.000E+00
  1.096  0.000E+00  0.000E+00
  1.106  0.000E+00  0.000E+00
  1.116  0.000E+00  0.000E+00
  1.126  0.000E+00  0.000E+00
  1.136  0.000E+00  0.000E+00
  1.146  0.000E+00  0.000E+00
  1.156  0.000E+00  0.000E+00
  1.166  0.000E+00  0.000E+00
  1.176  0.000E+00  0.000E+00
  1.186  0.000E+00  0.000E+00
  1.196  0.000E+00  0.000E+00
  1.206  0.000E+00  0.000E+00
  1.216  0.000E+00  0.000E+00
  1.226  0.000E+00  0.000E+00
  1.236  0.000E+00  0.000E+00
  1.246  0.000E+00  0.000E+00
  1.256  0.000E+00  0.000E+00
  1.266  0.000E+00  0.000E+00
  1.276  0.000E+00  0.000E+00
  1.286  0.000E+00  0.000E+00
  1.296  0.000E+00  0.000E+00
  1.306  0.000E+00  0.000E+00
  1.316  0.000E+00  0.000E+00
  1.326  0.000E+00  0.000E+00
  1.336  0.000E+00  0.000E+00
  1.346  0.000E+00  0.000E+00
  1.356  0.000E+00  0.000E+00
  1.366  0.000E+00  0.000E+00
  1.376  0.000E+00  0.000E+00
  1.386  0.000E+00  0.000E+00
  1.396  0.000E+00  0.000E+00
  1.406  0.000E+00  0.000E+00
  1.416  0.000E+00  0.000E+00
  1.426  0.000E+00  0.000E+00
  1.436  0.000E+00  0.000E+00
  1.446  0.000E+00  0.000E+00
  1.456  0.000E+00  0.000E+00
  1.466  0.000E+00  0.000E+00
  1.476  0.000E+00  0.000E+00
  1.486  0.000E+00  0.000E+00
  1.496  0.000E+00  0.000E+00
  1.506  0.000E+00  0.000E+00
  1.516  0.000E+00  0.000E+00
  1.526  0.000E+00  0.000E+00
  1.536  0.000E+00  0.000E+00
  1.546  0.000E+00  0.000E+00
  1.556  0.000E+00  0.000E+00
  1.566  0.000E+00  0.000E+00
  1.576  0.000E+00  0.000E+00
  1.586  0.000E+00  0.000E+00
  1.596  0.000E+00  0.000E+00
  1.606  0.000E+00  0.000E+00
  1.616  0.000E+00  0.000E+00
  1.626  0.000E+00  0.000E+00
  1.636  0.000E+00  0.000E+00
  1.646  0.000E+00  0.000E+00
  1.656  0.000E+00  0.000E+00
  1.666  0.000E+00  0.000E+00
  1.676  0.000E+00  0.000E+00
  1.686  0.000E+00  0.000E+00
  1.696  0.000E+00  0.000E+00
  1.706  0.000E+00  0.000E+00
  1.716  0.000E+00  0.000E+00
  1.726  0.000E+00  0.000E+00
  1.736  0.000E+00  0.000E+00
  1.746  0.000E+00  0.000E+00
  1.756  0.000E+00  0.000E+00
  1.766  0.000E+00  0.000E+00
  1.776  0.000E+00  0.000E+00
  1.786  0.000E+00  0.000E+00
  1.796  0.000E+00  0.000E+00
  1.806  0.000E+00  0.000E+00
  1.816  0.000E+00  0.000E+00
  1.826  0.000E+00  0.000E+00
  1.836  0.000E+00  0.000E+00
  1.846  0.000E+00  0.000E+00
  1.856  0.000E+00  0.000E+00
  1.866  0.000E+00  0.000E+00
  1.876  0.000E+00  0.000E+00
  1.886  0.000E+00  0.000E+00
  1.896  0.000E+00  0.000E+00
  1.906  0.000E+00  0.000E+00
  1.916  0.000E+00  0.000E+00
  1.926  0.000E+00  0.000E+00
  1.936  0.000E+00  0.000E+00
  1.946  0.000E+00  0.000E+00
  1.956  0.000E+00  0.000E+00
  1.966  0.000E+00  0.000E+00
  1.976  0.000E+00  0.000E+00
  1.986  0.000E+00  0.000E+00
  1.996  0.000E+00  0.000E+00
  2.006  0.000E+00  0.000E+00
  2.016  0.000E+00  0.000E+00
  2.026  0.000E+00  0.000E+00
  2.036  0.000E+00  0.000E+00
  2.046  0.000E+00  0.000E+00
  2.056  0.000E+00  0.000E+00
  2.066  0.000E+00  0.000E+00
  2.076  0.000E+00  0.000E+00
  2.086  0.000E+00  0.000E+00
  2.096  0.000E+00  0.000E+00
  2.106  0.000E+00  0.000E+00
  2.116  0.000E+00  0.000E+00
  2.126  0.000E+00  0.000E+00
  2.136  0.000E+00  0.000E+00
  2.146  0.000E+00  0.000E+00
  2.156  0.000E+00  0.000E+00
  2.166  0.000E+00  0.000E+00
  2.176  0.000E+00  0.000E+00
  2.186  0.000E+00  0.000E+00
  2.196  0.000E+00  0.000E+00
  2.206  0.000E+00  0.000E+00
  2.216  0.000E+00  0.000E+00
  2.226  0.000E+00  0.000E+00
  2.236  0.000E+00  0.000E+00
  2.246  0.000E+00  0.000E+00
  2.256  0.000E+00  0.000E+00
  2.266  0.000E+00  0.000E+00
  2.276  0.000E+00  0.000E+00
  2.286  0.000E+00  0.000E+00
  2.296  0.000E+00  0.000E+00
  2.306  0.000E+00  0.000E+00
  2.316  0.000E+00  0.000E+00
  2.326  0.000E+00  0.000E+00
  2.336  0.000E+00  0.000E+00
  2.346  0.000E+00  0.000E+00
  2.356  0.000E+00  0.000E+00
  2.366  0.000E+00  0.000E+00
  2.376  0.000E+00  0.000E+00
  2.386  0.000E+00  0.000E+00
  2.396  0.188E-04  0.188E-04
  2.406  0.244E-03  0.244E-03
  2.416  0.755E-03  0.755E-03
  2.426  0.116E-02  0.116E-02
  2.436  0.164E-02  0.164E-02
  2.446  0.218E-02  0.218E-02
  2.456  0.279E-02  0.279E-02
  2.466  0.348E-02  0.348E-02
  2.476  0.421E-02  0.421E-02
  2.486  0.497E-02  0.497E-02
  2.496  0.577E-02  0.577E-02
  2.506  0.663E-02  0.663E-02
  2.516  0.753E-02  0.753E-02
  2.526  0.834E-02  0.834E-02
  2.536  0.880E-02  0.880E-02
  2.546  0.922E-02  0.922E-02
  2.556  0.979E-02  0.979E-02
  2.566  0.103E-01  0.103E-01
  2.576  0.109E-01  0.109E-01
  2.586  0.115E-01  0.115E-01
  2.596  0.123E-01  0.123E-01
  2.606  0.132E-01  0.132E-01
  2.616  0.144E-01  0.144E-01
  2.626  0.161E-01  0.161E-01
  2.636  0.183E-01  0.183E-01
  2.646  0.211E-01  0.211E-01
  2.656  0.248E-01  0.248E-01
  2.666  0.298E-01  0.298E-01
  2.676  0.378E-01  0.378E-01
  2.686  0.559E-01  0.559E-01
  2.696  0.819E-01  0.819E-01
  2.706  0.104E+00  0.104E+00
  2.716  0.123E+00  0.123E+00
  2.726  0.142E+00  0.142E+00
  2.736  0.156E+00  0.156E+00
  2.746  0.176E+00  0.176E+00
  2.756  0.189E+00  0.189E+00
  2.766  0.195E+00  0.195E+00
  2.776  0.202E+00  0.202E+00
  2.786  0.208E+00  0.208E+00
  2.796  0.224E+00  0.224E+00
  2.806  0.257E+00  0.257E+00
  2.816  0.292E+00  0.292E+00
  2.826  0.309E+00  0.309E+00
  2.836  0.308E+00  0.308E+00
  2.846  0.308E+00  0.308E+00
  2.856  0.303E+00  0.303E+00
  2.866  0.303E+00  0.303E+00
  2.876  0.301E+00  0.301E+00
  2.886  0.304E+00  0.304E+00
  2.896  0.305E+00  0.305E+00
  2.906  0.312E+00  0.312E+00
  2.916  0.332E+00  0.332E+00
  2.926  0.362E+00  0.362E+00
  2.936  0.379E+00  0.379E+00
  2.946  0.394E+00  0.394E+00
  2.956  0.373E+00  0.373E+00
  2.966  0.392E+00  0.392E+00
  2.976  0.411E+00  0.411E+00
  2.986  0.438E+00  0.438E+00
  2.996  0.467E+00  0.467E+00
  3.006  0.481E+00  0.481E+00
  3.016  0.487E+00  0.487E+00
  3.026  0.505E+00  0.505E+00
  3.036  0.530E+00  0.530E+00
  3.046  0.530E+00  0.530E+00
  3.056  0.520E+00  0.520E+00
  3.066  0.513E+00  0.513E+00
  3.076  0.524E+00  0.524E+00
  3.086  0.533E+00  0.533E+00
  3.096  0.539E+00  0.539E+00
  3.106  0.545E+00  0.545E+00
  3.116  0.550E+00  0.550E+00
  3.126  0.569E+00  0.569E+00
  3.136  0.603E+00  0.603E+00
  3.146  0.643E+00  0.643E+00
  3.156  0.675E+00  0.675E+00
  3.166  0.708E+00  0.708E+00
  3.176  0.721E+00  0.721E+00
  3.186  0.726E+00  0.726E+00
  3.196  0.723E+00  0.723E+00
  3.206  0.719E+00  0.719E+00
  3.216  0.700E+00  0.700E+00
  3.226  0.711E+00  0.711E+00
  3.236  0.662E+00  0.662E+00
  3.246  0.641E+00  0.641E+00
  3.256  0.655E+00  0.655E+00
  3.266  0.682E+00  0.682E+00
  3.276  0.677E+00  0.677E+00
  3.286  0.674E+00  0.674E+00
  3.296  0.663E+00  0.663E+00
  3.306  0.672E+00  0.672E+00
  3.316  0.710E+00  0.710E+00
  3.326  0.743E+00  0.743E+00
  3.336  0.793E+00  0.793E+00
  3.346  0.803E+00  0.803E+00
  3.356  0.823E+00  0.823E+00
  3.366  0.821E+00  0.821E+00
  3.376  0.773E+00  0.773E+00
  3.386  0.802E+00  0.802E+00
  3.396  0.821E+00  0.821E+00
  3.406  0.843E+00  0.843E+00
  3.416  0.857E+00  0.857E+00
  3.426  0.861E+00  0.861E+00
  3.436  0.920E+00  0.920E+00
  3.446  0.909E+00  0.909E+00
  3.456  0.901E+00  0.901E+00
  3.466  0.794E+00  0.794E+00
  3.476  0.783E+00  0.783E+00
  3.486  0.828E+00  0.828E+00
  3.496  0.835E+00  0.835E+00
  3.506  0.757E+00  0.757E+00
  3.516  0.771E+00  0.771E+00
  3.526  0.831E+00  0.831E+00
  3.536  0.816E+00  0.816E+00
  3.546  0.787E+00  0.787E+00
  3.556  0.804E+00  0.804E+00
  3.566  0.856E+00  0.856E+00
  3.576  0.909E+00  0.909E+00
  3.586  0.768E+00  0.768E+00
  3.596  0.721E+00  0.721E+00
  3.606  0.621E+00  0.621E+00
  3.616  0.597E+00  0.597E+00
  3.626  0.647E+00  0.647E+00
  3.636  0.669E+00  0.669E+00
  3.646  0.669E+00  0.669E+00
  3.656  0.617E+00  0.617E+00
  3.666  0.617E+00  0.617E+00
  3.676  0.674E+00  0.674E+00
  3.686  0.639E+00  0.639E+00
  3.696  0.681E+00  0.681E+00
  3.706  0.736E+00  0.736E+00
  3.716  0.732E+00  0.732E+00
  3.726  0.704E+00  0.704E+00
  3.736  0.659E+00  0.659E+00
  3.746  0.686E+00  0.686E+00
  3.756  0.691E+00  0.691E+00
  3.766  0.688E+00  0.688E+00
  3.776  0.670E+00  0.670E+00
  3.786  0.650E+00  0.650E+00
  3.796  0.645E+00  0.645E+00
  3.806  0.625E+00  0.625E+00
  3.816  0.571E+00  0.571E+00
  3.826  0.551E+00  0.551E+00
  3.836  0.544E+00  0.544E+00
  3.846  0.504E+00  0.504E+00
  3.856  0.530E+00  0.530E+00
  3.866  0.550E+00  0.550E+00
  3.876  0.564E+00  0.564E+00
  3.886  0.539E+00  0.539E+00
  3.896  0.515E+00  0.515E+00
  3.906  0.522E+00  0.522E+00
  3.916  0.566E+00  0.566E+00
  3.926  0.628E+00  0.628E+00
  3.936  0.690E+00  0.690E+00
  3.946  0.750E+00  0.750E+00
  3.956  0.751E+00  0.751E+00
  3.966  0.737E+00  0.737E+00
  3.976  0.714E+00  0.714E+00
  3.986  0.760E+00  0.760E+00
  3.996  0.739E+00  0.739E+00
  4.006  0.710E+00  0.710E+00
  4.016  0.692E+00  0.692E+00
  4.026  0.790E+00  0.790E+00
  4.036  0.770E+00  0.770E+00
  4.046  0.755E+00  0.755E+00
  4.056  0.702E+00  0.702E+00
  4.066  0.708E+00  0.708E+00
  4.076  0.711E+00  0.711E+00
  4.086  0.705E+00  0.705E+00
  4.096  0.700E+00  0.700E+00
  4.106  0.696E+00  0.696E+00
  4.116  0.860E+00  0.860E+00
  4.126  0.107E+01  0.107E+01
  4.136  0.871E+00  0.871E+00
  4.146  0.750E+00  0.750E+00
  4.156  0.779E+00  0.779E+00
  4.166  0.718E+00  0.718E+00
  4.176  0.706E+00  0.706E+00
  4.186  0.887E+00  0.887E+00
  4.196  0.817E+00  0.817E+00
  4.206  0.742E+00  0.742E+00
  4.216  0.679E+00  0.679E+00
  4.226  0.655E+00  0.655E+00
  4.236  0.677E+00  0.677E+00
  4.246  0.693E+00  0.693E+00
  4.256  0.619E+00  0.619E+00
  4.266  0.515E+00  0.515E+00
  4.276  0.492E+00  0.492E+00
  4.286  0.474E+00  0.474E+00
  4.296  0.471E+00  0.471E+00
  4.306  0.470E+00  0.470E+00
  4.316  0.467E+00  0.467E+00
  4.326  0.467E+00  0.467E+00
  4.336  0.434E+00  0.434E+00
  4.346  0.418E+00  0.418E+00
  4.356  0.415E+00  0.415E+00
  4.366  0.421E+00  0.421E+00
  4.376  0.437E+00  0.437E+00
  4.386  0.466E+00  0.466E+00
  4.396  0.551E+00  0.551E+00
  4.406  0.556E+00  0.556E+00
  4.416  0.598E+00  0.598E+00
  4.426  0.610E+00  0.610E+00
  4.436  0.627E+00  0.627E+00
  4.446  0.590E+00  0.590E+00
  4.456  0.533E+00  0.533E+00
  4.466  0.502E+00  0.502E+00
  4.476  0.492E+00  0.492E+00
  4.486  0.492E+00  0.492E+00
  4.496  0.479E+00  0.479E+00
  4.506  0.469E+00  0.469E+00
  4.516  0.455E+00  0.455E+00
  4.526  0.454E+00  0.454E+00
  4.536  0.452E+00  0.452E+00
  4.546  0.453E+00  0.453E+00
  4.556  0.448E+00  0.448E+00
  4.566  0.451E+00  0.451E+00
  4.576  0.466E+00  0.466E+00
  4.586  0.478E+00  0.478E+00
  4.596  0.486E+00  0.486E+00
  4.606  0.555E+00  0.555E+00
  4.616  0.506E+00  0.506E+00
  4.626  0.507E+00  0.507E+00
  4.636  0.504E+00  0.504E+00
  4.646  0.519E+00  0.519E+00
  4.656  0.523E+00  0.523E+00
  4.666  0.523E+00  0.523E+00
  4.676  0.533E+00  0.533E+00
  4.686  0.541E+00  0.541E+00
  4.696  0.521E+00  0.521E+00
  4.706  0.512E+00  0.512E+00
  4.716  0.509E+00  0.509E+00
  4.726  0.505E+00  0.505E+00
  4.736  0.497E+00  0.497E+00
  4.746  0.478E+00  0.478E+00
  4.756  0.461E+00  0.461E+00
  4.766  0.451E+00  0.451E+00
  4.776  0.447E+00  0.447E+00
  4.786  0.444E+00  0.444E+00
  4.796  0.443E+00  0.443E+00
  4.806  0.442E+00  0.442E+00
  4.816  0.442E+00  0.442E+00
  4.826  0.444E+00  0.444E+00
  4.836  0.452E+00  0.452E+00
  4.846  0.464E+00  0.464E+00
  4.856  0.478E+00  0.478E+00
  4.866  0.506E+00  0.506E+00
  4.876  0.453E+00  0.453E+00
  4.886  0.447E+00  0.447E+00
  4.896  0.439E+00  0.439E+00
  4.906  0.432E+00  0.432E+00
  4.916  0.427E+00  0.427E+00
  4.926  0.421E+00  0.421E+00
  4.936  0.415E+00  0.415E+00
  4.946  0.410E+00  0.410E+00
  4.956  0.406E+00  0.406E+00
  4.966  0.403E+00  0.403E+00
  4.976  0.401E+00  0.401E+00
  4.986  0.400E+00  0.400E+00
  4.996  0.398E+00  0.398E+00
  5.006  0.397E+00  0.397E+00
  5.016  0.397E+00  0.397E+00
  5.026  0.399E+00  0.399E+00
  5.036  0.403E+00  0.403E+00
  5.046  0.408E+00  0.408E+00
  5.056  0.418E+00  0.418E+00
  5.066  0.428E+00  0.428E+00
  5.076  0.433E+00  0.433E+00
  5.086  0.438E+00  0.438E+00
  5.096  0.439E+00  0.439E+00
  5.106  0.463E+00  0.463E+00
  5.116  0.491E+00  0.491E+00
  5.126  0.520E+00  0.520E+00
  5.136  0.555E+00  0.555E+00
  5.146  0.615E+00  0.615E+00
  5.156  0.627E+00  0.627E+00
  5.166  0.637E+00  0.637E+00
  5.176  0.648E+00  0.648E+00
  5.186  0.647E+00  0.647E+00
  5.196  0.643E+00  0.643E+00
  5.206  0.635E+00  0.635E+00
  5.216  0.645E+00  0.645E+00
  5.226  0.671E+00  0.671E+00
  5.236  0.641E+00  0.641E+00
  5.246  0.649E+00  0.649E+00
  5.256  0.670E+00  0.670E+00
  5.266  0.708E+00  0.708E+00
  5.276  0.701E+00  0.701E+00
  5.286  0.699E+00  0.699E+00
  5.296  0.706E+00  0.706E+00
  5.306  0.723E+00  0.723E+00
  5.316  0.722E+00  0.722E+00
  5.326  0.718E+00  0.718E+00
  5.336  0.705E+00  0.705E+00
  5.346  0.681E+00  0.681E+00
  5.356  0.642E+00  0.642E+00
  5.366  0.625E+00  0.625E+00
  5.376  0.621E+00  0.621E+00
  5.386  0.618E+00  0.618E+00
  5.396  0.606E+00  0.606E+00
  5.406  0.570E+00  0.570E+00
  5.416  0.593E+00  0.593E+00
  5.426  0.550E+00  0.550E+00
  5.436  0.542E+00  0.542E+00
  5.446  0.545E+00  0.545E+00
  5.456  0.560E+00  0.560E+00
  5.466  0.572E+00  0.572E+00
  5.476  0.572E+00  0.572E+00
  5.486  0.564E+00  0.564E+00
  5.496  0.568E+00  0.568E+00
  5.506  0.563E+00  0.563E+00
  5.516  0.558E+00  0.558E+00
  5.526  0.559E+00  0.559E+00
  5.536  0.570E+00  0.570E+00
  5.546  0.576E+00  0.576E+00
  5.556  0.580E+00  0.580E+00
  5.566  0.586E+00  0.586E+00
  5.576  0.590E+00  0.590E+00
  5.586  0.594E+00  0.594E+00
  5.596  0.594E+00  0.594E+00
  5.606  0.602E+00  0.602E+00
  5.616  0.613E+00  0.613E+00
  5.626  0.608E+00  0.608E+00
  5.636  0.614E+00  0.614E+00
  5.646  0.618E+00  0.618E+00
  5.656  0.629E+00  0.629E+00
  5.666  0.636E+00  0.636E+00
  5.676  0.640E+00  0.640E+00
  5.686  0.644E+00  0.644E+00
  5.696  0.642E+00  0.642E+00
  5.706  0.640E+00  0.640E+00
  5.716  0.640E+00  0.640E+00
  5.726  0.641E+00  0.641E+00
  5.736  0.653E+00  0.653E+00
  5.746  0.683E+00  0.683E+00
  5.756  0.669E+00  0.669E+00
  5.766  0.651E+00  0.651E+00
  5.776  0.657E+00  0.657E+00
  5.786  0.659E+00  0.659E+00
  5.796  0.662E+00  0.662E+00
  5.806  0.662E+00  0.662E+00
  5.816  0.649E+00  0.649E+00
  5.826  0.646E+00  0.646E+00
  5.836  0.650E+00  0.650E+00
  5.846  0.643E+00  0.643E+00
  5.856  0.629E+00  0.629E+00
  5.866  0.615E+00  0.614E+00
  5.876  0.594E+00  0.594E+00
  5.886  0.575E+00  0.575E+00
  5.896  0.565E+00  0.565E+00
  5.906  0.564E+00  0.564E+00
  5.916  0.567E+00  0.567E+00
  5.926  0.576E+00  0.576E+00
  5.936  0.589E+00  0.589E+00
  5.946  0.601E+00  0.601E+00
  5.956  0.610E+00  0.610E+00
  5.966  0.625E+00  0.625E+00
  5.976  0.638E+00  0.638E+00
  5.986  0.628E+00  0.628E+00
  5.996  0.588E+00  0.587E+00
  6.006  0.589E+00  0.589E+00
  6.016  0.591E+00  0.591E+00
  6.026  0.586E+00  0.586E+00
  6.036  0.590E+00  0.590E+00
  6.046  0.610E+00  0.610E+00
  6.056  0.640E+00  0.640E+00
  6.066  0.671E+00  0.671E+00
  6.076  0.723E+00  0.723E+00
  6.086  0.772E+00  0.772E+00
  6.096  0.793E+00  0.793E+00
  6.106  0.793E+00  0.793E+00
  6.116  0.816E+00  0.816E+00
  6.126  0.823E+00  0.823E+00
  6.136  0.801E+00  0.801E+00
  6.146  0.784E+00  0.784E+00
  6.156  0.773E+00  0.773E+00
  6.166  0.783E+00  0.783E+00
  6.176  0.788E+00  0.788E+00
  6.186  0.779E+00  0.778E+00
  6.196  0.773E+00  0.773E+00
  6.206  0.749E+00  0.749E+00
  6.216  0.752E+00  0.752E+00
  6.226  0.729E+00  0.729E+00
  6.236  0.704E+00  0.704E+00
  6.246  0.705E+00  0.705E+00
  6.256  0.698E+00  0.698E+00
  6.266  0.703E+00  0.703E+00
  6.276  0.700E+00  0.700E+00
  6.286  0.706E+00  0.706E+00
  6.296  0.704E+00  0.704E+00
  6.306  0.796E+00  0.796E+00
  6.316  0.776E+00  0.776E+00
  6.326  0.730E+00  0.730E+00
  6.336  0.622E+00  0.622E+00
  6.346  0.573E+00  0.573E+00
  6.356  0.590E+00  0.590E+00
  6.366  0.580E+00  0.580E+00
  6.376  0.554E+00  0.554E+00
  6.386  0.602E+00  0.602E+00
  6.396  0.644E+00  0.644E+00
  6.406  0.669E+00  0.669E+00
  6.416  0.711E+00  0.711E+00
  6.426  0.738E+00  0.738E+00
  6.436  0.729E+00  0.729E+00
  6.446  0.756E+00  0.756E+00
  6.456  0.777E+00  0.777E+00
  6.466  0.670E+00  0.670E+00
  6.476  0.682E+00  0.682E+00
  6.486  0.721E+00  0.721E+00
  6.496  0.755E+00  0.755E+00
  6.506  0.772E+00  0.772E+00
  6.516  0.776E+00  0.776E+00
  6.526  0.797E+00  0.797E+00
  6.536  0.845E+00  0.845E+00
  6.546  0.860E+00  0.860E+00
  6.556  0.802E+00  0.802E+00
  6.566  0.839E+00  0.839E+00
  6.576  0.957E+00  0.958E+00
  6.586  0.812E+00  0.812E+00
  6.596  0.809E+00  0.809E+00
  6.606  0.786E+00  0.786E+00
  6.616  0.839E+00  0.839E+00
  6.626  0.825E+00  0.825E+00
  6.636  0.102E+01  0.102E+01
  6.646  0.915E+00  0.915E+00
  6.656  0.928E+00  0.928E+00
  6.666  0.921E+00  0.921E+00
  6.676  0.947E+00  0.947E+00
  6.686  0.954E+00  0.954E+00
  6.696  0.959E+00  0.959E+00
  6.706  0.954E+00  0.954E+00
  6.716  0.102E+01  0.102E+01
  6.726  0.107E+01  0.107E+01
  6.736  0.106E+01  0.106E+01
  6.746  0.999E+00  0.999E+00
  6.756  0.914E+00  0.914E+00
  6.766  0.831E+00  0.831E+00
  6.776  0.798E+00  0.798E+00
  6.786  0.765E+00  0.765E+00
  6.796  0.731E+00  0.731E+00
  6.806  0.736E+00  0.737E+00
  6.816  0.750E+00  0.750E+00
  6.826  0.763E+00  0.763E+00
  6.836  0.777E+00  0.777E+00
  6.846  0.861E+00  0.861E+00
  6.856  0.919E+00  0.919E+00
  6.866  0.968E+00  0.968E+00
  6.876  0.111E+01  0.111E+01
  6.886  0.120E+01  0.120E+01
  6.896  0.129E+01  0.129E+01
  6.906  0.130E+01  0.130E+01
  6.916  0.123E+01  0.123E+01
  6.926  0.115E+01  0.115E+01
  6.936  0.107E+01  0.107E+01
  6.946  0.106E+01  0.106E+01
  6.956  0.108E+01  0.108E+01
  6.966  0.110E+01  0.110E+01
  6.976  0.114E+01  0.114E+01
  6.986  0.115E+01  0.115E+01
  6.996  0.105E+01  0.105E+01
  7.006  0.108E+01  0.108E+01
  7.016  0.107E+01  0.107E+01
  7.026  0.105E+01  0.105E+01
  7.036  0.104E+01  0.104E+01
  7.046  0.104E+01  0.104E+01
  7.056  0.102E+01  0.102E+01
  7.066  0.983E+00  0.983E+00
  7.076  0.963E+00  0.963E+00
  7.086  0.945E+00  0.945E+00
  7.096  0.924E+00  0.924E+00
  7.106  0.918E+00  0.918E+00
  7.116  0.927E+00  0.927E+00
  7.126  0.948E+00  0.948E+00
  7.136  0.982E+00  0.982E+00
  7.146  0.103E+01  0.103E+01
  7.156  0.110E+01  0.110E+01
  7.166  0.121E+01  0.121E+01
  7.176  0.132E+01  0.132E+01
  7.186  0.143E+01  0.143E+01
  7.196  0.153E+01  0.153E+01
  7.206  0.159E+01  0.159E+01
  7.216  0.155E+01  0.155E+01
  7.226  0.141E+01  0.141E+01
  7.236  0.141E+01  0.141E+01
  7.246  0.141E+01  0.141E+01
  7.256  0.138E+01  0.138E+01
  7.266  0.137E+01  0.137E+01
  7.276  0.138E+01  0.138E+01
  7.286  0.140E+01  0.140E+01
  7.296  0.140E+01  0.140E+01
  7.306  0.139E+01  0.139E+01
  7.316  0.142E+01  0.142E+01
  7.326  0.142E+01  0.142E+01
  7.336  0.137E+01  0.137E+01
  7.346  0.134E+01  0.134E+01
  7.356  0.131E+01  0.131E+01
  7.366  0.125E+01  0.125E+01
  7.376  0.120E+01  0.120E+01
  7.386  0.118E+01  0.118E+01
  7.396  0.114E+01  0.114E+01
  7.406  0.115E+01  0.115E+01
  7.416  0.120E+01  0.120E+01
  7.426  0.136E+01  0.136E+01
  7.436  0.135E+01  0.135E+01
  7.446  0.136E+01  0.136E+01
  7.456  0.138E+01  0.138E+01
  7.466  0.132E+01  0.132E+01
  7.476  0.130E+01  0.130E+01
  7.486  0.143E+01  0.143E+01
  7.496  0.159E+01  0.159E+01
  7.506  0.169E+01  0.169E+01
  7.516  0.155E+01  0.155E+01
  7.526  0.143E+01  0.143E+01
  7.536  0.148E+01  0.148E+01
  7.546  0.145E+01  0.145E+01
  7.556  0.150E+01  0.150E+01
  7.566  0.157E+01  0.157E+01
  7.576  0.148E+01  0.148E+01
  7.586  0.146E+01  0.146E+01
  7.596  0.161E+01  0.161E+01
  7.606  0.152E+01  0.152E+01
  7.616  0.144E+01  0.144E+01
  7.626  0.147E+01  0.147E+01
  7.636  0.159E+01  0.159E+01
  7.646  0.161E+01  0.161E+01
  7.656  0.171E+01  0.171E+01
  7.666  0.177E+01  0.177E+01
  7.676  0.172E+01  0.172E+01
  7.686  0.165E+01  0.165E+01
  7.696  0.173E+01  0.173E+01
  7.706  0.167E+01  0.167E+01
  7.716  0.165E+01  0.165E+01
  7.726  0.173E+01  0.173E+01
  7.736  0.173E+01  0.173E+01
  7.746  0.161E+01  0.161E+01
  7.756  0.156E+01  0.156E+01
  7.766  0.165E+01  0.165E+01
  7.776  0.182E+01  0.182E+01
  7.786  0.196E+01  0.196E+01
  7.796  0.195E+01  0.195E+01
  7.806  0.205E+01  0.205E+01
  7.816  0.219E+01  0.219E+01
  7.826  0.220E+01  0.220E+01
  7.836  0.227E+01  0.227E+01
  7.846  0.219E+01  0.219E+01
  7.856  0.224E+01  0.224E+01
  7.866  0.207E+01  0.207E+01
  7.876  0.203E+01  0.203E+01
  7.886  0.197E+01  0.197E+01
  7.896  0.189E+01  0.189E+01
  7.906  0.182E+01  0.182E+01
  7.916  0.173E+01  0.173E+01
  7.926  0.168E+01  0.168E+01
  7.936  0.163E+01  0.163E+01
  7.946  0.161E+01  0.161E+01
  7.956  0.160E+01  0.160E+01
  7.966  0.159E+01  0.159E+01
  7.976  0.159E+01  0.159E+01
  7.986  0.157E+01  0.157E+01
  7.996  0.163E+01  0.163E+01
  8.006  0.168E+01  0.168E+01
  8.016  0.172E+01  0.172E+01
  8.026  0.172E+01  0.172E+01
  8.036  0.175E+01  0.175E+01
  8.046  0.178E+01  0.178E+01
  8.056  0.166E+01  0.166E+01
  8.066  0.160E+01  0.160E+01
  8.076  0.151E+01  0.151E+01
  8.086  0.147E+01  0.147E+01
  8.096  0.147E+01  0.147E+01
  8.106  0.150E+01  0.150E+01
  8.116  0.153E+01  0.153E+01
  8.126  0.156E+01  0.156E+01
  8.136  0.179E+01  0.179E+01
  8.146  0.176E+01  0.176E+01
  8.156  0.170E+01  0.170E+01
  8.166  0.167E+01  0.167E+01
  8.176  0.154E+01  0.154E+01
  8.186  0.132E+01  0.132E+01
  8.196  0.121E+01  0.121E+01
  8.206  0.126E+01  0.126E+01
  8.216  0.146E+01  0.146E+01
  8.226  0.162E+01  0.162E+01
  8.236  0.154E+01  0.154E+01
  8.246  0.150E+01  0.150E+01
  8.256  0.141E+01  0.141E+01
  8.266  0.131E+01  0.131E+01
  8.276  0.127E+01  0.127E+01
  8.286  0.131E+01  0.131E+01
  8.296  0.147E+01  0.147E+01
  8.306  0.152E+01  0.152E+01
  8.316  0.146E+01  0.146E+01
  8.326  0.145E+01  0.145E+01
  8.336  0.139E+01  0.139E+01
  8.346  0.135E+01  0.135E+01
  8.356  0.131E+01  0.131E+01
  8.366  0.135E+01  0.135E+01
  8.376  0.134E+01  0.134E+01
  8.386  0.112E+01  0.112E+01
  8.396  0.994E+00  0.994E+00
  8.406  0.917E+00  0.917E+00
  8.416  0.113E+01  0.113E+01
  8.426  0.108E+01  0.108E+01
  8.436  0.119E+01  0.119E+01
  8.446  0.118E+01  0.118E+01
  8.456  0.103E+01  0.103E+01
  8.466  0.939E+00  0.939E+00
  8.476  0.870E+00  0.870E+00
  8.486  0.791E+00  0.791E+00
  8.496  0.839E+00  0.839E+00
  8.506  0.960E+00  0.960E+00
  8.516  0.106E+01  0.106E+01
  8.526  0.105E+01  0.105E+01
  8.536  0.102E+01  0.102E+01
  8.546  0.972E+00  0.972E+00
  8.556  0.974E+00  0.974E+00
  8.566  0.106E+01  0.106E+01
  8.576  0.103E+01  0.103E+01
  8.586  0.905E+00  0.905E+00
  8.596  0.718E+00  0.718E+00
  8.606  0.504E+00  0.504E+00
  8.616  0.570E+00  0.571E+00
  8.626  0.174E+01  0.174E+01
  8.636  0.121E+01  0.121E+01
  8.646  0.870E+00  0.870E+00
  8.656  0.689E+00  0.689E+00
  8.666  0.587E+00  0.587E+00
  8.676  0.693E+00  0.693E+00
  8.686  0.130E+01  0.130E+01
  8.696  0.826E+00  0.825E+00
  8.706  0.580E+00  0.579E+00
  8.716  0.559E+00  0.559E+00
  8.726  0.772E+00  0.772E+00
  8.736  0.919E+00  0.919E+00
  8.746  0.101E+01  0.101E+01
  8.756  0.114E+01  0.114E+01
  8.766  0.107E+01  0.107E+01
  8.776  0.103E+01  0.104E+01
  8.786  0.106E+01  0.106E+01
  8.796  0.965E+00  0.966E+00
  8.806  0.825E+00  0.825E+00
  8.816  0.661E+00  0.661E+00
  8.826  0.592E+00  0.592E+00
  8.836  0.516E+00  0.516E+00
  8.846  0.438E+00  0.439E+00
  8.856  0.801E+00  0.801E+00
  8.866  0.829E+00  0.829E+00
  8.876  0.795E+00  0.795E+00
  8.886  0.804E+00  0.804E+00
  8.896  0.793E+00  0.793E+00
  8.906  0.649E+00  0.649E+00
  8.916  0.644E+00  0.644E+00
  8.926  0.724E+00  0.724E+00
  8.936  0.550E+00  0.550E+00
  8.946  0.444E+00  0.444E+00
  8.956  0.483E+00  0.484E+00
  8.966  0.843E+00  0.846E+00
  8.976  0.814E+00  0.813E+00
  8.986  0.546E+00  0.546E+00
  8.996  0.447E+00  0.447E+00
  9.006  0.426E+00  0.426E+00
  9.016  0.401E+00  0.401E+00
  9.026  0.360E+00  0.360E+00
  9.036  0.313E+00  0.313E+00
  9.046  0.298E+00  0.298E+00
  9.056  0.285E+00  0.285E+00
  9.066  0.274E+00  0.274E+00
  9.076  0.265E+00  0.266E+00
  9.086  0.262E+00  0.262E+00
  9.096  0.260E+00  0.260E+00
  9.106  0.258E+00  0.258E+00
  9.116  0.257E+00  0.257E+00
  9.126  0.441E+00  0.441E+00
  9.136  0.660E+00  0.660E+00
  9.146  0.654E+00  0.654E+00
  9.156  0.769E+00  0.769E+00
  9.166  0.743E+00  0.743E+00
  9.176  0.758E+00  0.758E+00
  9.186  0.481E+00  0.481E+00
  9.196  0.386E+00  0.386E+00
  9.206  0.352E+00  0.352E+00
  9.216  0.328E+00  0.328E+00
  9.226  0.308E+00  0.308E+00
  9.236  0.295E+00  0.295E+00
  9.246  0.283E+00  0.284E+00
  9.256  0.271E+00  0.271E+00
  9.266  0.259E+00  0.259E+00
  9.276  0.288E+00  0.289E+00
  9.286  0.334E+00  0.335E+00
  9.296  0.348E+00  0.348E+00
  9.306  0.357E+00  0.358E+00
  9.316  0.356E+00  0.356E+00
  9.326  0.318E+00  0.318E+00
  9.336  0.298E+00  0.297E+00
  9.346  0.275E+00  0.275E+00
  9.356  0.253E+00  0.253E+00
  9.366  0.234E+00  0.234E+00
  9.376  0.218E+00  0.218E+00
  9.386  0.198E+00  0.198E+00
  9.396  0.204E+00  0.204E+00
  9.406  0.223E+00  0.223E+00
  9.416  0.196E+00  0.196E+00
  9.426  0.169E+00  0.169E+00
  9.436  0.158E+00  0.159E+00
  9.446  0.184E+00  0.183E+00
  9.456  0.307E-01  0.299E-01
  9.466  0.000E+00  0.000E+00
  9.476  0.000E+00  0.000E+00
  9.486  0.000E+00  0.000E+00
  9.496  0.000E+00  0.000E+00
  9.506  0.000E+00  0.000E+00
  9.516  0.000E+00  0.000E+00
  9.526  0.000E+00  0.000E+00
  9.536  0.000E+00  0.000E+00
  9.546  0.000E+00  0.000E+00
  9.556  0.000E+00  0.000E+00
  9.566  0.000E+00  0.000E+00
  9.576  0.000E+00  0.000E+00
  9.586  0.000E+00  0.000E+00
  9.596  0.000E+00  0.000E+00
  9.606  0.000E+00  0.000E+00
  9.616  0.000E+00  0.000E+00
  9.626  0.000E+00  0.000E+00
  9.636  0.000E+00  0.000E+00
  9.646  0.000E+00  0.000E+00
  9.656  0.000E+00  0.000E+00
  9.666  0.000E+00  0.000E+00
  9.676  0.000E+00  0.000E+00
  9.686  0.000E+00  0.000E+00
  9.696  0.000E+00  0.000E+00
  9.706  0.000E+00  0.000E+00
  9.716  0.000E+00  0.000E+00
  9.726  0.000E+00  0.000E+00
  9.736  0.000E+00  0.000E+00
  9.746  0.000E+00  0.000E+00
  9.756  0.000E+00  0.000E+00
  9.766  0.000E+00  0.000E+00
  9.776  0.000E+00  0.000E+00
  9.786  0.000E+00  0.000E+00
  9.796  0.000E+00  0.000E+00
  9.806  0.000E+00  0.000E+00
  9.816  0.000E+00  0.000E+00
  9.826  0.000E+00  0.000E+00
  9.836  0.000E+00  0.000E+00
  9.846  0.000E+00  0.000E+00
  9.856  0.000E+00  0.000E+00
  9.866  0.000E+00  0.000E+00
  9.876  0.000E+00  0.000E+00
  9.886  0.000E+00  0.000E+00
  9.896  0.000E+00  0.000E+00
  9.906  0.000E+00  0.000E+00
  9.916  0.000E+00  0.000E+00
  9.926  0.000E+00  0.000E+00
  9.936  0.000E+00  0.000E+00
  9.946  0.000E+00  0.000E+00
  9.956  0.000E+00  0.000E+00
  9.966  0.000E+00  0.000E+00
  9.976  0.000E+00  0.000E+00
  9.986  0.000E+00  0.000E+00
  9.996  0.000E+00  0.000E+00
 10.006  0.000E+00  0.000E+00
 10.016  0.000E+00  0.000E+00
 10.026  0.000E+00  0.000E+00
 10.036  0.000E+00  0.000E+00
 10.046  0.000E+00  0.000E+00
 10.056  0.000E+00  0.000E+00
 10.066  0.000E+00  0.000E+00
 10.076  0.000E+00  0.000E+00
 10.086  0.000E+00  0.000E+00
 10.096  0.000E+00  0.000E+00
 10.106  0.000E+00  0.000E+00
 10.116  0.000E+00  0.000E+00
 10.126  0.000E+00  0.000E+00
 10.136  0.000E+00  0.000E+00
 10.146  0.000E+00  0.000E+00
 10.156  0.000E+00  0.000E+00
 10.166  0.000E+00  0.000E+00
 10.176  0.000E+00  0.000E+00
 10.186  0.000E+00  0.000E+00
 10.196  0.000E+00  0.000E+00
 10.206  0.000E+00  0.000E+00
 10.216  0.000E+00  0.000E+00
 10.226  0.000E+00  0.000E+00
 10.236  0.000E+00  0.000E+00
 10.246  0.000E+00  0.000E+00
 10.256  0.000E+00  0.000E+00
 10.266  0.000E+00  0.000E+00
 10.276  0.000E+00  0.000E+00
 10.286  0.000E+00  0.000E+00
 10.296  0.000E+00  0.000E+00
 10.306  0.000E+00  0.000E+00
 10.316  0.000E+00  0.000E+00
 10.326  0.000E+00  0.000E+00
 10.336  0.000E+00  0.000E+00
 10.346  0.000E+00  0.000E+00
 10.356  0.000E+00  0.000E+00
 10.366  0.000E+00  0.000E+00
 10.376  0.000E+00  0.000E+00
 10.386  0.000E+00  0.000E+00
 10.396  0.000E+00  0.000E+00
 10.406  0.000E+00  0.000E+00
 10.416  0.000E+00  0.000E+00
 10.426  0.000E+00  0.000E+00
 10.436  0.000E+00  0.000E+00
 10.446  0.000E+00  0.000E+00
 10.456  0.000E+00  0.000E+00
 10.466  0.000E+00  0.000E+00
 10.476  0.000E+00  0.000E+00
 10.486  0.000E+00  0.000E+00
 10.496  0.000E+00  0.000E+00
 10.506  0.000E+00  0.000E+00
 10.516  0.000E+00  0.000E+00
 10.526  0.000E+00  0.000E+00
 10.536  0.000E+00  0.000E+00
 10.546  0.000E+00  0.000E+00
 10.556  0.000E+00  0.000E+00
 10.566  0.000E+00  0.000E+00
 10.576  0.000E+00  0.000E+00
 10.586  0.000E+00  0.000E+00
 10.596  0.000E+00  0.000E+00
 10.606  0.000E+00  0.000E+00
 10.616  0.000E+00  0.000E+00
 10.626  0.000E+00  0.000E+00
 10.636  0.000E+00  0.000E+00
 10.646  0.000E+00  0.000E+00
 10.656  0.000E+00  0.000E+00
 10.666  0.000E+00  0.000E+00
 10.676  0.000E+00  0.000E+00
 10.686  0.000E+00  0.000E+00
 10.696  0.000E+00  0.000E+00
 10.706  0.000E+00  0.000E+00
 10.716  0.000E+00  0.000E+00
 10.726  0.000E+00  0.000E+00
 10.736  0.000E+00  0.000E+00
 10.746  0.000E+00  0.000E+00
 10.756  0.000E+00  0.000E+00
 10.766  0.000E+00  0.000E+00
 10.776  0.000E+00  0.000E+00
 10.786  0.000E+00  0.000E+00
 10.796  0.000E+00  0.000E+00
 10.806  0.000E+00  0.000E+00
 10.816  0.000E+00  0.000E+00
 10.826  0.000E+00  0.000E+00
 10.836  0.000E+00  0.000E+00
 10.846  0.000E+00  0.000E+00
 10.856  0.000E+00  0.000E+00
 10.866  0.000E+00  0.000E+00
 10.876  0.000E+00  0.000E+00
 10.886  0.000E+00  0.000E+00
 10.896  0.000E+00  0.000E+00
 10.906  0.000E+00  0.000E+00
 10.916  0.000E+00  0.000E+00
 10.926  0.000E+00  0.000E+00
 10.936  0.000E+00  0.000E+00
 10.946  0.000E+00  0.000E+00
 10.956  0.000E+00  0.000E+00
 10.966  0.000E+00  0.000E+00
 10.976  0.000E+00  0.000E+00
 10.986  0.000E+00  0.000E+00
 10.996  0.000E+00  0.000E+00
 11.006  0.000E+00  0.000E+00
 11.016  0.000E+00  0.000E+00
 11.026  0.260E-07  0.260E-07
 11.036  0.282E-06  0.282E-06
 11.046  0.102E-05  0.102E-05
 11.056  0.251E-05  0.251E-05
 11.066  0.498E-05  0.498E-05
 11.076  0.871E-05  0.871E-05
 11.086  0.139E-04  0.139E-04
 11.096  0.209E-04  0.209E-04
 11.106  0.299E-04  0.299E-04
 11.116  0.412E-04  0.412E-04
 11.126  0.550E-04  0.550E-04
 11.136  0.715E-04  0.715E-04
 11.146  0.912E-04  0.912E-04
 11.156  0.114E-03  0.114E-03
 11.166  0.140E-03  0.140E-03
 11.176  0.171E-03  0.171E-03
 11.186  0.205E-03  0.205E-03
 11.196  0.244E-03  0.244E-03
 11.206  0.287E-03  0.287E-03
 11.216  0.330E-03  0.330E-03
 11.226  0.373E-03  0.373E-03
 11.236  0.416E-03  0.416E-03
 11.246  0.459E-03  0.459E-03
 11.256  0.502E-03  0.502E-03
 11.266  0.545E-03  0.545E-03
 11.276  0.588E-03  0.588E-03
 11.286  0.630E-03  0.630E-03
 11.296  0.670E-03  0.670E-03
 11.306  0.711E-03  0.711E-03
 11.316  0.752E-03  0.752E-03
 11.326  0.790E-03  0.790E-03
 11.336  0.829E-03  0.829E-03
 11.346  0.864E-03  0.864E-03
 11.356  0.900E-03  0.900E-03
 11.366  0.934E-03  0.934E-03
 11.376  0.967E-03  0.967E-03
 11.386  0.997E-03  0.997E-03
 11.396  0.103E-02  0.103E-02
 11.406  0.107E-02  0.107E-02
 11.416  0.111E-02  0.111E-02
 11.426  0.116E-02  0.116E-02
 11.436  0.121E-02  0.121E-02
 11.446  0.126E-02  0.126E-02
 11.456  0.131E-02  0.131E-02
 11.466  0.136E-02  0.136E-02
 11.476  0.142E-02  0.142E-02
 11.486  0.147E-02  0.147E-02
 11.496  0.152E-02  0.152E-02
 11.506  0.158E-02  0.158E-02
 11.516  0.163E-02  0.163E-02
 11.526  0.169E-02  0.169E-02
 11.536  0.174E-02  0.174E-02
 11.546  0.180E-02  0.180E-02
 11.556  0.185E-02  0.185E-02
 11.566  0.191E-02  0.191E-02
 11.576  0.196E-02  0.196E-02
 11.586  0.202E-02  0.202E-02
 11.596  0.208E-02  0.208E-02
 11.606  0.213E-02  0.213E-02
 11.616  0.219E-02  0.219E-02
 11.626  0.224E-02  0.225E-02
 11.636  0.230E-02  0.230E-02
 11.646  0.235E-02  0.235E-02
 11.656  0.241E-02  0.241E-02
 11.666  0.247E-02  0.247E-02
 11.676  0.252E-02  0.252E-02
 11.686  0.258E-02  0.258E-02
 11.696  0.264E-02  0.264E-02
 11.706  0.270E-02  0.270E-02
 11.716  0.276E-02  0.276E-02
 11.726  0.281E-02  0.281E-02
 11.736  0.285E-02  0.285E-02
 11.746  0.290E-02  0.290E-02
 11.756  0.293E-02  0.293E-02
 11.766  0.297E-02  0.297E-02
 11.776  0.301E-02  0.301E-02
 11.786  0.304E-02  0.304E-02
 11.796  0.308E-02  0.308E-02
 11.806  0.312E-02  0.312E-02
 11.816  0.317E-02  0.317E-02
 11.826  0.323E-02  0.323E-02
 11.836  0.329E-02  0.329E-02
 11.846  0.335E-02  0.335E-02
 11.856  0.342E-02  0.342E-02
 11.866  0.348E-02  0.348E-02
 11.876  0.354E-02  0.354E-02
 11.886  0.359E-02  0.359E-02
 11.896  0.364E-02  0.364E-02
 11.906  0.370E-02  0.370E-02
 11.916  0.375E-02  0.375E-02
 11.926  0.380E-02  0.380E-02
 11.936  0.386E-02  0.386E-02
 11.946  0.391E-02  0.391E-02
 11.956  0.396E-02  0.396E-02
 11.966  0.402E-02  0.402E-02
 11.976  0.407E-02  0.407E-02
 11.986  0.412E-02  0.412E-02
 11.996  0.417E-02  0.417E-02
 12.006  0.423E-02  0.423E-02
 12.016  0.429E-02  0.429E-02
 12.026  0.437E-02  0.437E-02
 12.036  0.444E-02  0.444E-02
 12.046  0.450E-02  0.450E-02
 12.056  0.457E-02  0.457E-02
 12.066  0.463E-02  0.463E-02
 12.076  0.469E-02  0.469E-02
 12.086  0.475E-02  0.475E-02
 12.096  0.481E-02  0.481E-02
 12.106  0.487E-02  0.487E-02
 12.116  0.493E-02  0.493E-02
 12.126  0.499E-02  0.499E-02
 12.136  0.505E-02  0.505E-02
 12.146  0.511E-02  0.511E-02
 12.156  0.516E-02  0.516E-02
 12.166  0.522E-02  0.522E-02
 12.176  0.528E-02  0.528E-02
 12.186  0.533E-02  0.533E-02
 12.196  0.539E-02  0.539E-02
 12.206  0.545E-02  0.545E-02
 12.216  0.551E-02  0.551E-02
 12.226  0.556E-02  0.556E-02
 12.236  0.562E-02  0.562E-02
 12.246  0.567E-02  0.567E-02
 12.256  0.573E-02  0.573E-02
 12.266  0.579E-02  0.579E-02
 12.276  0.585E-02  0.585E-02
 12.286  0.590E-02  0.590E-02
 12.296  0.595E-02  0.595E-02
 12.306  0.601E-02  0.601E-02
 12.316  0.607E-02  0.607E-02
 12.326  0.613E-02  0.613E-02
 12.336  0.619E-02  0.619E-02
 12.346  0.626E-02  0.626E-02
 12.356  0.632E-02  0.632E-02
 12.366  0.639E-02  0.639E-02
 12.376  0.650E-02  0.650E-02
 12.386  0.679E-02  0.679E-02
 12.396  0.706E-02  0.706E-02
 12.406  0.732E-02  0.732E-02
 12.416  0.753E-02  0.753E-02
 12.426  0.771E-02  0.771E-02
 12.436  0.790E-02  0.790E-02
 12.446  0.804E-02  0.804E-02
 12.456  0.816E-02  0.816E-02
 12.466  0.815E-02  0.815E-02
 12.476  0.811E-02  0.811E-02
 12.486  0.805E-02  0.805E-02
 12.496  0.798E-02  0.798E-02
 12.506  0.790E-02  0.790E-02
 12.516  0.781E-02  0.781E-02
 12.526  0.772E-02  0.772E-02
 12.536  0.762E-02  0.762E-02
 12.546  0.752E-02  0.752E-02
 12.556  0.745E-02  0.745E-02
 12.566  0.739E-02  0.739E-02
 12.576  0.734E-02  0.734E-02
 12.586  0.732E-02  0.732E-02
 12.596  0.732E-02  0.732E-02
 12.606  0.734E-02  0.734E-02
 12.616  0.738E-02  0.738E-02
 12.626  0.742E-02  0.742E-02
 12.636  0.748E-02  0.748E-02
 12.646  0.754E-02  0.754E-02
 12.656  0.761E-02  0.761E-02
 12.666  0.768E-02  0.768E-02
 12.676  0.768E-02  0.768E-02
 12.686  0.769E-02  0.769E-02
 12.696  0.777E-02  0.777E-02
 12.706  0.789E-02  0.789E-02
 12.716  0.804E-02  0.804E-02
 12.726  0.825E-02  0.825E-02
 12.736  0.888E-02  0.888E-02
 12.746  0.898E-02  0.898E-02
 12.756  0.907E-02  0.907E-02
 12.766  0.917E-02  0.917E-02
 12.776  0.983E-02  0.983E-02
 12.786  0.102E-01  0.102E-01
 12.796  0.104E-01  0.104E-01
 12.806  0.110E-01  0.110E-01
 12.816  0.116E-01  0.116E-01
 12.826  0.123E-01  0.123E-01
 12.836  0.122E-01  0.122E-01
 12.846  0.116E-01  0.116E-01
 12.856  0.107E-01  0.107E-01
 12.866  0.981E-02  0.981E-02
 12.876  0.879E-02  0.879E-02
 12.886  0.817E-02  0.817E-02
 12.896  0.782E-02  0.782E-02
 12.906  0.748E-02  0.748E-02
 12.916  0.717E-02  0.717E-02
 12.926  0.687E-02  0.687E-02
 12.936  0.659E-02  0.659E-02
 12.946  0.633E-02  0.633E-02
 12.956  0.608E-02  0.608E-02
 12.966  0.573E-02  0.573E-02
 12.976  0.533E-02  0.533E-02
 12.986  0.522E-02  0.522E-02
 12.996  0.542E-02  0.542E-02
 13.006  0.602E-02  0.602E-02
 13.016  0.684E-02  0.684E-02
 13.026  0.698E-02  0.698E-02
 13.036  0.766E-02  0.766E-02
 13.046  0.787E-02  0.787E-02
 13.056  0.819E-02  0.819E-02
 13.066  0.856E-02  0.856E-02
 13.076  0.897E-02  0.897E-02
 13.086  0.917E-02  0.917E-02
 13.096  0.935E-02  0.935E-02
 13.106  0.951E-02  0.951E-02
 13.116  0.972E-02  0.972E-02
 13.126  0.100E-01  0.100E-01
 13.136  0.104E-01  0.104E-01
 13.146  0.108E-01  0.108E-01
 13.156  0.109E-01  0.109E-01
 13.166  0.123E-01  0.123E-01
 13.176  0.144E-01  0.144E-01
 13.186  0.162E-01  0.162E-01
 13.196  0.172E-01  0.172E-01
 13.206  0.134E-01  0.134E-01
 13.216  0.134E-01  0.134E-01
 13.226  0.134E-01  0.134E-01
 13.236  0.134E-01  0.134E-01
 13.246  0.137E-01  0.137E-01
 13.256  0.145E-01  0.145E-01
 13.266  0.154E-01  0.154E-01
 13.276  0.164E-01  0.164E-01
 13.286  0.173E-01  0.173E-01
 13.296  0.180E-01  0.180E-01
 13.306  0.250E-01  0.250E-01
 13.316  0.197E-01  0.197E-01
 13.326  0.198E-01  0.198E-01
 13.336  0.205E-01  0.205E-01
 13.346  0.214E-01  0.214E-01
 13.356  0.226E-01  0.226E-01
 13.366  0.245E-01  0.245E-01
 13.376  0.275E-01  0.275E-01
 13.386  0.310E-01  0.310E-01
 13.396  0.343E-01  0.343E-01
 13.406  0.381E-01  0.381E-01
 13.416  0.460E-01  0.460E-01
 13.426  0.459E-01  0.459E-01
 13.436  0.460E-01  0.460E-01
 13.446  0.484E-01  0.484E-01
 13.456  0.520E-01  0.520E-01
 13.466  0.536E-01  0.536E-01
 13.476  0.554E-01  0.554E-01
 13.486  0.555E-01  0.555E-01
 13.496  0.537E-01  0.537E-01
 13.506  0.517E-01  0.517E-01
 13.516  0.507E-01  0.507E-01
 13.526  0.504E-01  0.504E-01
 13.536  0.509E-01  0.509E-01
 13.546  0.526E-01  0.526E-01
 13.556  0.674E-01  0.674E-01
 13.566  0.698E-01  0.698E-01
 13.576  0.713E-01  0.713E-01
 13.586  0.684E-01  0.684E-01
 13.596  0.636E-01  0.636E-01
 13.606  0.684E-01  0.684E-01
 13.616  0.707E-01  0.707E-01
 13.626  0.743E-01  0.743E-01
 13.636  0.663E-01  0.663E-01
 13.646  0.567E-01  0.567E-01
 13.656  0.559E-01  0.559E-01
 13.666  0.610E-01  0.610E-01
 13.676  0.648E-01  0.648E-01
 13.686  0.670E-01  0.670E-01
 13.696  0.691E-01  0.691E-01
 13.706  0.716E-01  0.716E-01
 13.716  0.723E-01  0.723E-01
 13.726  0.715E-01  0.715E-01
 13.736  0.726E-01  0.726E-01
 13.746  0.779E-01  0.779E-01
 13.756  0.763E-01  0.763E-01
 13.766  0.753E-01  0.753E-01
 13.776  0.750E-01  0.750E-01
 13.786  0.756E-01  0.756E-01
 13.796  0.761E-01  0.761E-01
 13.806  0.777E-01  0.777E-01
 13.816  0.774E-01  0.774E-01
 13.826  0.783E-01  0.783E-01
 13.836  0.807E-01  0.807E-01
 13.846  0.810E-01  0.810E-01
 13.856  0.817E-01  0.817E-01
 13.866  0.811E-01  0.811E-01
 13.876  0.795E-01  0.795E-01
 13.886  0.796E-01  0.796E-01
 13.896  0.797E-01  0.797E-01
 13.906  0.800E-01  0.800E-01
 13.916  0.818E-01  0.818E-01
 13.926  0.863E-01  0.863E-01
 13.936  0.884E-01  0.884E-01
 13.946  0.884E-01  0.884E-01
 13.956  0.882E-01  0.882E-01
 13.966  0.882E-01  0.882E-01
 13.976  0.904E-01  0.904E-01
 13.986  0.890E-01  0.890E-01
 13.996  0.875E-01  0.875E-01
 14.006  0.864E-01  0.864E-01
 14.016  0.945E-01  0.945E-01
 14.026  0.864E-01  0.864E-01
 14.036  0.870E-01  0.870E-01
 14.046  0.891E-01  0.891E-01
 14.056  0.902E-01  0.902E-01
 14.066  0.912E-01  0.912E-01
 14.076  0.895E-01  0.895E-01
 14.086  0.886E-01  0.886E-01
 14.096  0.886E-01  0.886E-01
 14.106  0.888E-01  0.888E-01
 14.116  0.884E-01  0.884E-01
 14.126  0.883E-01  0.883E-01
 14.136  0.887E-01  0.887E-01
 14.146  0.892E-01  0.892E-01
 14.156  0.894E-01  0.894E-01
 14.166  0.880E-01  0.880E-01
 14.176  0.893E-01  0.893E-01
 14.186  0.928E-01  0.928E-01
 14.196  0.962E-01  0.962E-01
 14.206  0.994E-01  0.994E-01
 14.216  0.103E+00  0.103E+00
 14.226  0.109E+00  0.109E+00
 14.236  0.115E+00  0.115E+00
 14.246  0.123E+00  0.123E+00
 14.256  0.121E+00  0.121E+00
 14.266  0.120E+00  0.120E+00
 14.276  0.120E+00  0.120E+00
 14.286  0.126E+00  0.126E+00
 14.296  0.128E+00  0.128E+00
 14.306  0.126E+00  0.126E+00
 14.316  0.129E+00  0.129E+00
 14.326  0.119E+00  0.119E+00
 14.336  0.127E+00  0.127E+00
 14.346  0.129E+00  0.129E+00
 14.356  0.127E+00  0.127E+00
 14.366  0.124E+00  0.124E+00
 14.376  0.125E+00  0.125E+00
 14.386  0.125E+00  0.125E+00
 14.396  0.129E+00  0.129E+00
 14.406  0.136E+00  0.136E+00
 14.416  0.130E+00  0.130E+00
 14.426  0.131E+00  0.131E+00
 14.436  0.134E+00  0.134E+00
 14.446  0.132E+00  0.132E+00
 14.456  0.134E+00  0.134E+00
 14.466  0.133E+00  0.133E+00
 14.476  0.131E+00  0.131E+00
 14.486  0.130E+00  0.130E+00
 14.496  0.124E+00  0.124E+00
 14.506  0.119E+00  0.119E+00
 14.516  0.123E+00  0.123E+00
 14.526  0.119E+00  0.119E+00
 14.536  0.129E+00  0.129E+00
 14.546  0.123E+00  0.123E+00
 14.556  0.131E+00  0.131E+00
 14.566  0.132E+00  0.132E+00
 14.576  0.144E+00  0.144E+00
 14.586  0.150E+00  0.150E+00
 14.596  0.158E+00  0.158E+00
 14.606  0.167E+00  0.167E+00
 14.616  0.175E+00  0.175E+00
 14.626  0.178E+00  0.178E+00
 14.636  0.191E+00  0.191E+00
 14.646  0.197E+00  0.197E+00
 14.656  0.186E+00  0.186E+00
 14.666  0.179E+00  0.179E+00
 14.676  0.177E+00  0.177E+00
 14.686  0.175E+00  0.175E+00
 14.696  0.168E+00  0.168E+00
 14.706  0.156E+00  0.156E+00
 14.716  0.171E+00  0.171E+00
 14.726  0.163E+00  0.163E+00
 14.736  0.166E+00  0.166E+00
 14.746  0.180E+00  0.180E+00
 14.756  0.181E+00  0.181E+00
 14.766  0.180E+00  0.180E+00
 14.776  0.185E+00  0.185E+00
 14.786  0.191E+00  0.191E+00
 14.796  0.199E+00  0.199E+00
 14.806  0.189E+00  0.189E+00
 14.816  0.184E+00  0.184E+00
 14.826  0.198E+00  0.198E+00
 14.836  0.204E+00  0.204E+00
 14.846  0.196E+00  0.196E+00
 14.856  0.197E+00  0.197E+00
 14.866  0.184E+00  0.184E+00
 14.876  0.194E+00  0.194E+00
 14.886  0.182E+00  0.182E+00
 14.896  0.180E+00  0.180E+00
 14.906  0.178E+00  0.178E+00
 14.916  0.170E+00  0.170E+00
 14.926  0.166E+00  0.166E+00
 14.936  0.163E+00  0.163E+00
 14.946  0.163E+00  0.163E+00
 14.956  0.168E+00  0.168E+00
 14.966  0.174E+00  0.174E+00
 14.976  0.179E+00  0.179E+00
 14.986  0.180E+00  0.180E+00
 14.996  0.181E+00  0.181E+00
 15.006  0.183E+00  0.183E+00
 15.016  0.169E+00  0.169E+00
 15.026  0.161E+00  0.161E+00
 15.036  0.140E+00  0.140E+00
 15.046  0.140E+00  0.140E+00
 15.056  0.125E+00  0.125E+00
 15.066  0.124E+00  0.124E+00
 15.076  0.129E+00  0.129E+00
 15.086  0.136E+00  0.136E+00
 15.096  0.136E+00  0.136E+00
 15.106  0.136E+00  0.136E+00
 15.116  0.135E+00  0.135E+00
 15.126  0.134E+00  0.134E+00
 15.136  0.131E+00  0.131E+00
 15.146  0.120E+00  0.120E+00
 15.156  0.127E+00  0.127E+00
 15.166  0.134E+00  0.134E+00
 15.176  0.141E+00  0.141E+00
 15.186  0.135E+00  0.135E+00
 15.196  0.130E+00  0.130E+00
 15.206  0.139E+00  0.139E+00
 15.216  0.129E+00  0.129E+00
 15.226  0.118E+00  0.118E+00
 15.236  0.114E+00  0.114E+00
 15.246  0.135E+00  0.135E+00
 15.256  0.126E+00  0.126E+00
 15.266  0.113E+00  0.113E+00
 15.276  0.127E+00  0.127E+00
 15.286  0.115E+00  0.115E+00
 15.296  0.116E+00  0.116E+00
 15.306  0.118E+00  0.118E+00
 15.316  0.113E+00  0.113E+00
 15.326  0.115E+00  0.115E+00
 15.336  0.129E+00  0.129E+00
 15.346  0.141E+00  0.141E+00
 15.356  0.126E+00  0.126E+00
 15.366  0.118E+00  0.118E+00
 15.376  0.119E+00  0.119E+00
 15.386  0.123E+00  0.123E+00
 15.396  0.127E+00  0.127E+00
 15.406  0.127E+00  0.127E+00
 15.416  0.128E+00  0.128E+00
 15.426  0.136E+00  0.136E+00
 15.436  0.126E+00  0.126E+00
 15.446  0.128E+00  0.128E+00
 15.456  0.121E+00  0.121E+00
 15.466  0.117E+00  0.117E+00
 15.476  0.114E+00  0.114E+00
 15.486  0.112E+00  0.112E+00
 15.496  0.109E+00  0.109E+00
 15.506  0.109E+00  0.109E+00
 15.516  0.110E+00  0.110E+00
 15.526  0.111E+00  0.111E+00
 15.536  0.112E+00  0.112E+00
 15.546  0.114E+00  0.114E+00
 15.556  0.125E+00  0.125E+00
 15.566  0.128E+00  0.128E+00
 15.576  0.129E+00  0.129E+00
 15.586  0.135E+00  0.135E+00
 15.596  0.139E+00  0.139E+00
 15.606  0.137E+00  0.137E+00
 15.616  0.130E+00  0.130E+00
 15.626  0.125E+00  0.125E+00
 15.636  0.124E+00  0.124E+00
 15.646  0.123E+00  0.123E+00
 15.656  0.132E+00  0.132E+00
 15.666  0.120E+00  0.120E+00
 15.676  0.117E+00  0.117E+00
 15.686  0.114E+00  0.114E+00
 15.696  0.111E+00  0.111E+00
 15.706  0.107E+00  0.107E+00
 15.716  0.102E+00  0.102E+00
 15.726  0.973E-01  0.973E-01
 15.736  0.920E-01  0.920E-01
 15.746  0.878E-01  0.878E-01
 15.756  0.852E-01  0.852E-01
 15.766  0.831E-01  0.831E-01
 15.776  0.811E-01  0.811E-01
 15.786  0.791E-01  0.791E-01
 15.796  0.800E-01  0.800E-01
 15.806  0.843E-01  0.843E-01
 15.816  0.853E-01  0.853E-01
 15.826  0.829E-01  0.829E-01
 15.836  0.803E-01  0.803E-01
 15.846  0.777E-01  0.777E-01
 15.856  0.757E-01  0.757E-01
 15.866  0.727E-01  0.727E-01
 15.876  0.709E-01  0.709E-01
 15.886  0.703E-01  0.703E-01
 15.896  0.733E-01  0.733E-01
 15.906  0.779E-01  0.779E-01
 15.916  0.865E-01  0.865E-01
 15.926  0.909E-01  0.909E-01
 15.936  0.748E-01  0.748E-01
 15.946  0.730E-01  0.730E-01
 15.956  0.707E-01  0.707E-01
 15.966  0.746E-01  0.746E-01
 15.976  0.843E-01  0.843E-01
 15.986  0.913E-01  0.913E-01
 15.996  0.882E-01  0.882E-01
 16.006  0.875E-01  0.875E-01
 16.016  0.881E-01  0.881E-01
 16.026  0.883E-01  0.883E-01
 16.036  0.855E-01  0.855E-01
 16.046  0.836E-01  0.836E-01
 16.056  0.795E-01  0.795E-01
 16.066  0.757E-01  0.757E-01
 16.076  0.724E-01  0.724E-01
 16.086  0.745E-01  0.745E-01
 16.096  0.821E-01  0.821E-01
 16.106  0.939E-01  0.939E-01
 16.116  0.105E+00  0.105E+00
 16.126  0.105E+00  0.105E+00
 16.136  0.996E-01  0.996E-01
 16.146  0.952E-01  0.952E-01
 16.156  0.992E-01  0.992E-01
 16.166  0.975E-01  0.975E-01
 16.176  0.104E+00  0.104E+00
 16.186  0.119E+00  0.119E+00
 16.196  0.121E+00  0.121E+00
 16.206  0.126E+00  0.126E+00
 16.216  0.131E+00  0.131E+00
 16.226  0.132E+00  0.132E+00
 16.236  0.128E+00  0.128E+00
 16.246  0.131E+00  0.131E+00
 16.256  0.131E+00  0.131E+00
 16.266  0.129E+00  0.129E+00
 16.276  0.131E+00  0.131E+00
 16.286  0.143E+00  0.143E+00
 16.296  0.141E+00  0.141E+00
 16.306  0.141E+00  0.141E+00
 16.316  0.149E+00  0.149E+00
 16.326  0.160E+00  0.160E+00
 16.336  0.176E+00  0.176E+00
 16.346  0.196E+00  0.196E+00
 16.356  0.205E+00  0.205E+00
 16.366  0.182E+00  0.182E+00
 16.376  0.166E+00  0.166E+00
 16.386  0.165E+00  0.165E+00
 16.396  0.164E+00  0.164E+00
 16.406  0.172E+00  0.172E+00
 16.416  0.183E+00  0.183E+00
 16.426  0.185E+00  0.185E+00
 16.436  0.175E+00  0.175E+00
 16.446  0.190E+00  0.190E+00
 16.456  0.196E+00  0.196E+00
 16.466  0.200E+00  0.200E+00
 16.476  0.197E+00  0.197E+00
 16.486  0.190E+00  0.190E+00
 16.496  0.192E+00  0.192E+00
 16.506  0.202E+00  0.202E+00
 16.516  0.194E+00  0.194E+00
 16.526  0.182E+00  0.182E+00
 16.536  0.180E+00  0.180E+00
 16.546  0.186E+00  0.186E+00
 16.556  0.193E+00  0.193E+00
 16.566  0.199E+00  0.199E+00
 16.576  0.193E+00  0.193E+00
 16.586  0.196E+00  0.196E+00
 16.596  0.208E+00  0.208E+00
 16.606  0.207E+00  0.207E+00
 16.616  0.214E+00  0.214E+00
 16.626  0.213E+00  0.213E+00
 16.636  0.209E+00  0.209E+00
 16.646  0.205E+00  0.205E+00
 16.656  0.221E+00  0.221E+00
 16.666  0.217E+00  0.217E+00
 16.676  0.217E+00  0.217E+00
 16.686  0.209E+00  0.209E+00
 16.696  0.206E+00  0.206E+00
 16.706  0.192E+00  0.192E+00
 16.716  0.183E+00  0.182E+00
 16.726  0.174E+00  0.174E+00
 16.736  0.185E+00  0.185E+00
 16.746  0.168E+00  0.168E+00
 16.756  0.158E+00  0.158E+00
 16.766  0.156E+00  0.156E+00
 16.776  0.123E+00  0.123E+00
 16.786  0.109E+00  0.109E+00
 16.796  0.788E-01  0.788E-01
 16.806  0.861E-01  0.860E-01
 16.816  0.765E-01  0.764E-01
 16.826  0.619E-01  0.616E-01
 16.836  0.633E-01  0.631E-01
 16.846  0.599E-01  0.598E-01
 16.856  0.497E-01  0.497E-01
 16.866  0.426E-01  0.427E-01
 16.876  0.188E-01  0.188E-01
 16.886  0.117E-01  0.117E-01
 16.896  0.762E-02  0.758E-02
 16.906  0.445E-02  0.441E-02
 16.916  0.219E-02  0.216E-02
 16.926  0.808E-03  0.792E-03
 16.936  0.179E-03  0.173E-03
 16.946  0.000E+00  0.000E+00
