# E (eV) pdosup(E)  pdosdw(E) 
 -6.474  0.000E+00  0.000E+00
 -6.464  0.137E-03  0.137E-03
 -6.454  0.740E-03  0.740E-03
 -6.444  0.134E-02  0.134E-02
 -6.434  0.198E-02  0.198E-02
 -6.424  0.289E-02  0.289E-02
 -6.414  0.384E-02  0.384E-02
 -6.404  0.424E-02  0.424E-02
 -6.394  0.454E-02  0.454E-02
 -6.384  0.494E-02  0.494E-02
 -6.374  0.533E-02  0.533E-02
 -6.364  0.605E-02  0.605E-02
 -6.354  0.672E-02  0.672E-02
 -6.344  0.744E-02  0.744E-02
 -6.334  0.823E-02  0.823E-02
 -6.324  0.903E-02  0.903E-02
 -6.314  0.984E-02  0.984E-02
 -6.304  0.107E-01  0.107E-01
 -6.294  0.115E-01  0.115E-01
 -6.284  0.124E-01  0.124E-01
 -6.274  0.152E-01  0.152E-01
 -6.264  0.162E-01  0.162E-01
 -6.254  0.155E-01  0.155E-01
 -6.244  0.149E-01  0.149E-01
 -6.234  0.148E-01  0.148E-01
 -6.224  0.141E-01  0.141E-01
 -6.214  0.147E-01  0.147E-01
 -6.204  0.169E-01  0.169E-01
 -6.194  0.191E-01  0.191E-01
 -6.184  0.230E-01  0.230E-01
 -6.174  0.238E-01  0.238E-01
 -6.164  0.164E-01  0.164E-01
 -6.154  0.122E-01  0.122E-01
 -6.144  0.983E-02  0.983E-02
 -6.134  0.148E-01  0.148E-01
 -6.124  0.157E-01  0.157E-01
 -6.114  0.179E-01  0.179E-01
 -6.104  0.262E-01  0.262E-01
 -6.094  0.236E-01  0.235E-01
 -6.084  0.222E-01  0.222E-01
 -6.074  0.219E-01  0.219E-01
 -6.064  0.260E-01  0.260E-01
 -6.054  0.278E-01  0.278E-01
 -6.044  0.259E-01  0.259E-01
 -6.034  0.216E-01  0.216E-01
 -6.024  0.193E-01  0.193E-01
 -6.014  0.199E-01  0.199E-01
 -6.004  0.216E-01  0.216E-01
 -5.994  0.212E-01  0.212E-01
 -5.984  0.249E-01  0.249E-01
 -5.974  0.241E-01  0.241E-01
 -5.964  0.238E-01  0.238E-01
 -5.954  0.267E-01  0.267E-01
 -5.944  0.269E-01  0.269E-01
 -5.934  0.268E-01  0.268E-01
 -5.924  0.265E-01  0.265E-01
 -5.914  0.256E-01  0.256E-01
 -5.904  0.250E-01  0.250E-01
 -5.894  0.284E-01  0.284E-01
 -5.884  0.302E-01  0.302E-01
 -5.874  0.330E-01  0.330E-01
 -5.864  0.350E-01  0.350E-01
 -5.854  0.312E-01  0.312E-01
 -5.844  0.264E-01  0.264E-01
 -5.834  0.352E-01  0.352E-01
 -5.824  0.315E-01  0.315E-01
 -5.814  0.394E-01  0.394E-01
 -5.804  0.430E-01  0.430E-01
 -5.794  0.437E-01  0.437E-01
 -5.784  0.349E-01  0.349E-01
 -5.774  0.339E-01  0.339E-01
 -5.764  0.449E-01  0.449E-01
 -5.754  0.673E-01  0.673E-01
 -5.744  0.630E-01  0.630E-01
 -5.734  0.660E-01  0.660E-01
 -5.724  0.646E-01  0.646E-01
 -5.714  0.903E-01  0.903E-01
 -5.704  0.963E-01  0.963E-01
 -5.694  0.847E-01  0.848E-01
 -5.684  0.109E+00  0.109E+00
 -5.674  0.176E+00  0.176E+00
 -5.664  0.167E+00  0.167E+00
 -5.654  0.170E+00  0.170E+00
 -5.644  0.156E+00  0.157E+00
 -5.634  0.220E+00  0.220E+00
 -5.624  0.115E+00  0.115E+00
 -5.614  0.140E+00  0.140E+00
 -5.604  0.222E+00  0.221E+00
 -5.594  0.160E+00  0.160E+00
 -5.584  0.160E+00  0.160E+00
 -5.574  0.184E+00  0.184E+00
 -5.564  0.251E+00  0.251E+00
 -5.554  0.163E+00  0.163E+00
 -5.544  0.322E+00  0.322E+00
 -5.534  0.283E+00  0.282E+00
 -5.524  0.469E-01  0.467E-01
 -5.514  0.000E+00  0.000E+00
 -5.504  0.000E+00  0.000E+00
 -5.494  0.557E+00  0.558E+00
 -5.484  0.000E+00  0.000E+00
 -5.474  0.000E+00  0.000E+00
 -5.464  0.000E+00  0.000E+00
 -5.454  0.000E+00  0.000E+00
 -5.444  0.000E+00  0.000E+00
 -5.434  0.000E+00  0.000E+00
 -5.424  0.000E+00  0.000E+00
 -5.414  0.000E+00  0.000E+00
 -5.404  0.000E+00  0.000E+00
 -5.394  0.000E+00  0.000E+00
 -5.384  0.000E+00  0.000E+00
 -5.374  0.000E+00  0.000E+00
 -5.364  0.000E+00  0.000E+00
 -5.354  0.000E+00  0.000E+00
 -5.344  0.000E+00  0.000E+00
 -5.334  0.000E+00  0.000E+00
 -5.324  0.000E+00  0.000E+00
 -5.314  0.000E+00  0.000E+00
 -5.304  0.000E+00  0.000E+00
 -5.294  0.000E+00  0.000E+00
 -5.284  0.000E+00  0.000E+00
 -5.274  0.000E+00  0.000E+00
 -5.264  0.000E+00  0.000E+00
 -5.254  0.000E+00  0.000E+00
 -5.244  0.000E+00  0.000E+00
 -5.234  0.000E+00  0.000E+00
 -5.224  0.000E+00  0.000E+00
 -5.214  0.000E+00  0.000E+00
 -5.204  0.000E+00  0.000E+00
 -5.194  0.000E+00  0.000E+00
 -5.184  0.000E+00  0.000E+00
 -5.174  0.000E+00  0.000E+00
 -5.164  0.000E+00  0.000E+00
 -5.154  0.000E+00  0.000E+00
 -5.144  0.000E+00  0.000E+00
 -5.134  0.000E+00  0.000E+00
 -5.124  0.000E+00  0.000E+00
 -5.114  0.000E+00  0.000E+00
 -5.104  0.000E+00  0.000E+00
 -5.094  0.000E+00  0.000E+00
 -5.084  0.000E+00  0.000E+00
 -5.074  0.000E+00  0.000E+00
 -5.064  0.000E+00  0.000E+00
 -5.054  0.000E+00  0.000E+00
 -5.044  0.000E+00  0.000E+00
 -5.034  0.000E+00  0.000E+00
 -5.024  0.000E+00  0.000E+00
 -5.014  0.000E+00  0.000E+00
 -5.004  0.000E+00  0.000E+00
 -4.994  0.000E+00  0.000E+00
 -4.984  0.000E+00  0.000E+00
 -4.974  0.000E+00  0.000E+00
 -4.964  0.000E+00  0.000E+00
 -4.954  0.000E+00  0.000E+00
 -4.944  0.000E+00  0.000E+00
 -4.934  0.000E+00  0.000E+00
 -4.924  0.000E+00  0.000E+00
 -4.914  0.000E+00  0.000E+00
 -4.904  0.000E+00  0.000E+00
 -4.894  0.000E+00  0.000E+00
 -4.884  0.000E+00  0.000E+00
 -4.874  0.000E+00  0.000E+00
 -4.864  0.000E+00  0.000E+00
 -4.854  0.000E+00  0.000E+00
 -4.844  0.000E+00  0.000E+00
 -4.834  0.000E+00  0.000E+00
 -4.824  0.000E+00  0.000E+00
 -4.814  0.000E+00  0.000E+00
 -4.804  0.000E+00  0.000E+00
 -4.794  0.000E+00  0.000E+00
 -4.784  0.000E+00  0.000E+00
 -4.774  0.000E+00  0.000E+00
 -4.764  0.000E+00  0.000E+00
 -4.754  0.000E+00  0.000E+00
 -4.744  0.000E+00  0.000E+00
 -4.734  0.000E+00  0.000E+00
 -4.724  0.000E+00  0.000E+00
 -4.714  0.000E+00  0.000E+00
 -4.704  0.000E+00  0.000E+00
 -4.694  0.000E+00  0.000E+00
 -4.684  0.000E+00  0.000E+00
 -4.674  0.000E+00  0.000E+00
 -4.664  0.000E+00  0.000E+00
 -4.654  0.000E+00  0.000E+00
 -4.644  0.000E+00  0.000E+00
 -4.634  0.000E+00  0.000E+00
 -4.624  0.000E+00  0.000E+00
 -4.614  0.000E+00  0.000E+00
 -4.604  0.000E+00  0.000E+00
 -4.594  0.000E+00  0.000E+00
 -4.584  0.000E+00  0.000E+00
 -4.574  0.000E+00  0.000E+00
 -4.564  0.000E+00  0.000E+00
 -4.554  0.000E+00  0.000E+00
 -4.544  0.000E+00  0.000E+00
 -4.534  0.000E+00  0.000E+00
 -4.524  0.000E+00  0.000E+00
 -4.514  0.000E+00  0.000E+00
 -4.504  0.000E+00  0.000E+00
 -4.494  0.000E+00  0.000E+00
 -4.484  0.000E+00  0.000E+00
 -4.474  0.000E+00  0.000E+00
 -4.464  0.000E+00  0.000E+00
 -4.454  0.000E+00  0.000E+00
 -4.444  0.000E+00  0.000E+00
 -4.434  0.000E+00  0.000E+00
 -4.424  0.000E+00  0.000E+00
 -4.414  0.000E+00  0.000E+00
 -4.404  0.000E+00  0.000E+00
 -4.394  0.000E+00  0.000E+00
 -4.384  0.000E+00  0.000E+00
 -4.374  0.000E+00  0.000E+00
 -4.364  0.000E+00  0.000E+00
 -4.354  0.000E+00  0.000E+00
 -4.344  0.000E+00  0.000E+00
 -4.334  0.000E+00  0.000E+00
 -4.324  0.000E+00  0.000E+00
 -4.314  0.000E+00  0.000E+00
 -4.304  0.000E+00  0.000E+00
 -4.294  0.000E+00  0.000E+00
 -4.284  0.000E+00  0.000E+00
 -4.274  0.000E+00  0.000E+00
 -4.264  0.000E+00  0.000E+00
 -4.254  0.830E+00  0.836E+00
 -4.244  0.000E+00  0.000E+00
 -4.234  0.000E+00  0.000E+00
 -4.224  0.000E+00  0.000E+00
 -4.214  0.000E+00  0.000E+00
 -4.204  0.232E+01  0.232E+01
 -4.194  0.693E+01  0.693E+01
 -4.184  0.141E+02  0.141E+02
 -4.174  0.189E+02  0.189E+02
 -4.164  0.252E+02  0.252E+02
 -4.154  0.297E+02  0.297E+02
 -4.144  0.396E+02  0.396E+02
 -4.134  0.384E+02  0.384E+02
 -4.124  0.292E+02  0.292E+02
 -4.114  0.354E+02  0.353E+02
 -4.104  0.260E+02  0.260E+02
 -4.094  0.226E+02  0.226E+02
 -4.084  0.223E+02  0.223E+02
 -4.074  0.178E+02  0.178E+02
 -4.064  0.162E+02  0.162E+02
 -4.054  0.141E+02  0.141E+02
 -4.044  0.116E+02  0.116E+02
 -4.034  0.101E+02  0.101E+02
 -4.024  0.105E+02  0.105E+02
 -4.014  0.118E+02  0.118E+02
 -4.004  0.108E+02  0.108E+02
 -3.994  0.928E+01  0.928E+01
 -3.984  0.140E+02  0.140E+02
 -3.974  0.845E+01  0.845E+01
 -3.964  0.801E+01  0.801E+01
 -3.954  0.424E+01  0.424E+01
 -3.944  0.463E+01  0.463E+01
 -3.934  0.335E+01  0.335E+01
 -3.924  0.356E+01  0.356E+01
 -3.914  0.275E+01  0.275E+01
 -3.904  0.310E+01  0.310E+01
 -3.894  0.302E+01  0.302E+01
 -3.884  0.222E+01  0.222E+01
 -3.874  0.178E+01  0.178E+01
 -3.864  0.225E+01  0.225E+01
 -3.854  0.117E+01  0.117E+01
 -3.844  0.842E+00  0.842E+00
 -3.834  0.521E+00  0.521E+00
 -3.824  0.125E+01  0.125E+01
 -3.814  0.107E+01  0.107E+01
 -3.804  0.902E+00  0.902E+00
 -3.794  0.171E+01  0.171E+01
 -3.784  0.126E+01  0.126E+01
 -3.774  0.136E+01  0.136E+01
 -3.764  0.845E+00  0.845E+00
 -3.754  0.913E+00  0.913E+00
 -3.744  0.111E+01  0.111E+01
 -3.734  0.166E+01  0.166E+01
 -3.724  0.623E+00  0.623E+00
 -3.714  0.612E+00  0.612E+00
 -3.704  0.625E+00  0.625E+00
 -3.694  0.721E+00  0.721E+00
 -3.684  0.804E+00  0.804E+00
 -3.674  0.973E+00  0.973E+00
 -3.664  0.926E+00  0.926E+00
 -3.654  0.849E+00  0.849E+00
 -3.644  0.707E+00  0.707E+00
 -3.634  0.640E+00  0.640E+00
 -3.624  0.985E+00  0.985E+00
 -3.614  0.770E+00  0.770E+00
 -3.604  0.642E+00  0.642E+00
 -3.594  0.637E+00  0.637E+00
 -3.584  0.702E+00  0.702E+00
 -3.574  0.691E+00  0.691E+00
 -3.564  0.640E+00  0.640E+00
 -3.554  0.548E+00  0.548E+00
 -3.544  0.583E+00  0.583E+00
 -3.534  0.630E+00  0.630E+00
 -3.524  0.654E+00  0.654E+00
 -3.514  0.644E+00  0.644E+00
 -3.504  0.671E+00  0.671E+00
 -3.494  0.774E+00  0.774E+00
 -3.484  0.815E+00  0.815E+00
 -3.474  0.831E+00  0.831E+00
 -3.464  0.906E+00  0.906E+00
 -3.454  0.769E+00  0.769E+00
 -3.444  0.684E+00  0.684E+00
 -3.434  0.613E+00  0.613E+00
 -3.424  0.562E+00  0.562E+00
 -3.414  0.551E+00  0.551E+00
 -3.404  0.561E+00  0.561E+00
 -3.394  0.659E+00  0.659E+00
 -3.384  0.777E+00  0.777E+00
 -3.374  0.748E+00  0.748E+00
 -3.364  0.720E+00  0.720E+00
 -3.354  0.632E+00  0.632E+00
 -3.344  0.584E+00  0.584E+00
 -3.334  0.568E+00  0.568E+00
 -3.324  0.586E+00  0.586E+00
 -3.314  0.690E+00  0.690E+00
 -3.304  0.738E+00  0.738E+00
 -3.294  0.839E+00  0.839E+00
 -3.284  0.845E+00  0.845E+00
 -3.274  0.772E+00  0.772E+00
 -3.264  0.713E+00  0.713E+00
 -3.254  0.708E+00  0.708E+00
 -3.244  0.740E+00  0.740E+00
 -3.234  0.727E+00  0.727E+00
 -3.224  0.700E+00  0.700E+00
 -3.214  0.682E+00  0.682E+00
 -3.204  0.695E+00  0.695E+00
 -3.194  0.696E+00  0.696E+00
 -3.184  0.657E+00  0.657E+00
 -3.174  0.592E+00  0.592E+00
 -3.164  0.579E+00  0.579E+00
 -3.154  0.589E+00  0.589E+00
 -3.144  0.585E+00  0.585E+00
 -3.134  0.619E+00  0.619E+00
 -3.124  0.822E+00  0.822E+00
 -3.114  0.853E+00  0.853E+00
 -3.104  0.809E+00  0.809E+00
 -3.094  0.787E+00  0.787E+00
 -3.084  0.768E+00  0.768E+00
 -3.074  0.693E+00  0.693E+00
 -3.064  0.648E+00  0.648E+00
 -3.054  0.614E+00  0.614E+00
 -3.044  0.571E+00  0.571E+00
 -3.034  0.619E+00  0.619E+00
 -3.024  0.669E+00  0.669E+00
 -3.014  0.759E+00  0.759E+00
 -3.004  0.791E+00  0.791E+00
 -2.994  0.767E+00  0.767E+00
 -2.984  0.714E+00  0.714E+00
 -2.974  0.694E+00  0.694E+00
 -2.964  0.668E+00  0.668E+00
 -2.954  0.615E+00  0.615E+00
 -2.944  0.612E+00  0.612E+00
 -2.934  0.616E+00  0.616E+00
 -2.924  0.638E+00  0.638E+00
 -2.914  0.671E+00  0.671E+00
 -2.904  0.667E+00  0.667E+00
 -2.894  0.699E+00  0.699E+00
 -2.884  0.777E+00  0.777E+00
 -2.874  0.805E+00  0.805E+00
 -2.864  0.785E+00  0.785E+00
 -2.854  0.785E+00  0.785E+00
 -2.844  0.731E+00  0.731E+00
 -2.834  0.686E+00  0.685E+00
 -2.824  0.687E+00  0.687E+00
 -2.814  0.748E+00  0.748E+00
 -2.804  0.734E+00  0.734E+00
 -2.794  0.702E+00  0.702E+00
 -2.784  0.601E+00  0.601E+00
 -2.774  0.686E+00  0.686E+00
 -2.764  0.648E+00  0.648E+00
 -2.754  0.635E+00  0.635E+00
 -2.744  0.674E+00  0.674E+00
 -2.734  0.666E+00  0.666E+00
 -2.724  0.633E+00  0.633E+00
 -2.714  0.589E+00  0.589E+00
 -2.704  0.514E+00  0.514E+00
 -2.694  0.523E+00  0.523E+00
 -2.684  0.588E+00  0.588E+00
 -2.674  0.732E+00  0.733E+00
 -2.664  0.115E+01  0.115E+01
 -2.654  0.733E+00  0.733E+00
 -2.644  0.696E+00  0.696E+00
 -2.634  0.602E+00  0.602E+00
 -2.624  0.737E+00  0.737E+00
 -2.614  0.710E+00  0.710E+00
 -2.604  0.634E+00  0.634E+00
 -2.594  0.474E+00  0.474E+00
 -2.584  0.422E+00  0.422E+00
 -2.574  0.405E+00  0.405E+00
 -2.564  0.420E+00  0.420E+00
 -2.554  0.426E+00  0.426E+00
 -2.544  0.509E+00  0.509E+00
 -2.534  0.593E+00  0.593E+00
 -2.524  0.620E+00  0.620E+00
 -2.514  0.580E+00  0.580E+00
 -2.504  0.604E+00  0.604E+00
 -2.494  0.551E+00  0.551E+00
 -2.484  0.513E+00  0.513E+00
 -2.474  0.526E+00  0.526E+00
 -2.464  0.511E+00  0.511E+00
 -2.454  0.446E+00  0.446E+00
 -2.444  0.418E+00  0.418E+00
 -2.434  0.407E+00  0.407E+00
 -2.424  0.407E+00  0.407E+00
 -2.414  0.409E+00  0.409E+00
 -2.404  0.441E+00  0.441E+00
 -2.394  0.400E+00  0.400E+00
 -2.384  0.389E+00  0.389E+00
 -2.374  0.397E+00  0.397E+00
 -2.364  0.416E+00  0.416E+00
 -2.354  0.356E+00  0.356E+00
 -2.344  0.350E+00  0.350E+00
 -2.334  0.325E+00  0.325E+00
 -2.324  0.298E+00  0.298E+00
 -2.314  0.417E+00  0.418E+00
 -2.304  0.339E+00  0.339E+00
 -2.294  0.313E+00  0.313E+00
 -2.284  0.315E+00  0.315E+00
 -2.274  0.262E+00  0.262E+00
 -2.264  0.232E+00  0.232E+00
 -2.254  0.259E+00  0.259E+00
 -2.244  0.283E+00  0.283E+00
 -2.234  0.284E+00  0.284E+00
 -2.224  0.299E+00  0.299E+00
 -2.214  0.256E+00  0.256E+00
 -2.204  0.244E+00  0.244E+00
 -2.194  0.245E+00  0.245E+00
 -2.184  0.278E+00  0.278E+00
 -2.174  0.282E+00  0.282E+00
 -2.164  0.241E+00  0.241E+00
 -2.154  0.212E+00  0.212E+00
 -2.144  0.292E+00  0.292E+00
 -2.134  0.285E+00  0.285E+00
 -2.124  0.313E+00  0.313E+00
 -2.114  0.313E+00  0.313E+00
 -2.104  0.259E+00  0.259E+00
 -2.094  0.233E+00  0.233E+00
 -2.084  0.198E+00  0.198E+00
 -2.074  0.177E+00  0.177E+00
 -2.064  0.168E+00  0.168E+00
 -2.054  0.161E+00  0.161E+00
 -2.044  0.117E+00  0.117E+00
 -2.034  0.934E-01  0.934E-01
 -2.024  0.769E-01  0.768E-01
 -2.014  0.615E-01  0.615E-01
 -2.004  0.469E-01  0.469E-01
 -1.994  0.345E-01  0.345E-01
 -1.984  0.219E-01  0.219E-01
 -1.974  0.103E-01  0.103E-01
 -1.964  0.000E+00  0.000E+00
 -1.954  0.000E+00  0.000E+00
 -1.944  0.000E+00  0.000E+00
 -1.934  0.000E+00  0.000E+00
 -1.924  0.000E+00  0.000E+00
 -1.914  0.000E+00  0.000E+00
 -1.904  0.000E+00  0.000E+00
 -1.894  0.000E+00  0.000E+00
 -1.884  0.000E+00  0.000E+00
 -1.874  0.000E+00  0.000E+00
 -1.864  0.000E+00  0.000E+00
 -1.854  0.000E+00  0.000E+00
 -1.844  0.000E+00  0.000E+00
 -1.834  0.000E+00  0.000E+00
 -1.824  0.000E+00  0.000E+00
 -1.814  0.000E+00  0.000E+00
 -1.804  0.000E+00  0.000E+00
 -1.794  0.000E+00  0.000E+00
 -1.784  0.000E+00  0.000E+00
 -1.774  0.000E+00  0.000E+00
 -1.764  0.000E+00  0.000E+00
 -1.754  0.000E+00  0.000E+00
 -1.744  0.000E+00  0.000E+00
 -1.734  0.000E+00  0.000E+00
 -1.724  0.000E+00  0.000E+00
 -1.714  0.000E+00  0.000E+00
 -1.704  0.000E+00  0.000E+00
 -1.694  0.000E+00  0.000E+00
 -1.684  0.000E+00  0.000E+00
 -1.674  0.000E+00  0.000E+00
 -1.664  0.000E+00  0.000E+00
 -1.654  0.000E+00  0.000E+00
 -1.644  0.000E+00  0.000E+00
 -1.634  0.000E+00  0.000E+00
 -1.624  0.000E+00  0.000E+00
 -1.614  0.000E+00  0.000E+00
 -1.604  0.000E+00  0.000E+00
 -1.594  0.000E+00  0.000E+00
 -1.584  0.000E+00  0.000E+00
 -1.574  0.000E+00  0.000E+00
 -1.564  0.000E+00  0.000E+00
 -1.554  0.000E+00  0.000E+00
 -1.544  0.000E+00  0.000E+00
 -1.534  0.000E+00  0.000E+00
 -1.524  0.000E+00  0.000E+00
 -1.514  0.000E+00  0.000E+00
 -1.504  0.000E+00  0.000E+00
 -1.494  0.000E+00  0.000E+00
 -1.484  0.000E+00  0.000E+00
 -1.474  0.000E+00  0.000E+00
 -1.464  0.000E+00  0.000E+00
 -1.454  0.000E+00  0.000E+00
 -1.444  0.000E+00  0.000E+00
 -1.434  0.000E+00  0.000E+00
 -1.424  0.000E+00  0.000E+00
 -1.414  0.000E+00  0.000E+00
 -1.404  0.000E+00  0.000E+00
 -1.394  0.000E+00  0.000E+00
 -1.384  0.000E+00  0.000E+00
 -1.374  0.000E+00  0.000E+00
 -1.364  0.000E+00  0.000E+00
 -1.354  0.000E+00  0.000E+00
 -1.344  0.000E+00  0.000E+00
 -1.334  0.000E+00  0.000E+00
 -1.324  0.000E+00  0.000E+00
 -1.314  0.000E+00  0.000E+00
 -1.304  0.000E+00  0.000E+00
 -1.294  0.000E+00  0.000E+00
 -1.284  0.000E+00  0.000E+00
 -1.274  0.000E+00  0.000E+00
 -1.264  0.000E+00  0.000E+00
 -1.254  0.000E+00  0.000E+00
 -1.244  0.000E+00  0.000E+00
 -1.234  0.000E+00  0.000E+00
 -1.224  0.000E+00  0.000E+00
 -1.214  0.000E+00  0.000E+00
 -1.204  0.000E+00  0.000E+00
 -1.194  0.000E+00  0.000E+00
 -1.184  0.000E+00  0.000E+00
 -1.174  0.000E+00  0.000E+00
 -1.164  0.000E+00  0.000E+00
 -1.154  0.000E+00  0.000E+00
 -1.144  0.000E+00  0.000E+00
 -1.134  0.000E+00  0.000E+00
 -1.124  0.000E+00  0.000E+00
 -1.114  0.000E+00  0.000E+00
 -1.104  0.000E+00  0.000E+00
 -1.094  0.000E+00  0.000E+00
 -1.084  0.000E+00  0.000E+00
 -1.074  0.000E+00  0.000E+00
 -1.064  0.000E+00  0.000E+00
 -1.054  0.000E+00  0.000E+00
 -1.044  0.000E+00  0.000E+00
 -1.034  0.000E+00  0.000E+00
 -1.024  0.000E+00  0.000E+00
 -1.014  0.000E+00  0.000E+00
 -1.004  0.000E+00  0.000E+00
 -0.994  0.000E+00  0.000E+00
 -0.984  0.000E+00  0.000E+00
 -0.974  0.000E+00  0.000E+00
 -0.964  0.000E+00  0.000E+00
 -0.954  0.000E+00  0.000E+00
 -0.944  0.000E+00  0.000E+00
 -0.934  0.000E+00  0.000E+00
 -0.924  0.000E+00  0.000E+00
 -0.914  0.000E+00  0.000E+00
 -0.904  0.000E+00  0.000E+00
 -0.894  0.000E+00  0.000E+00
 -0.884  0.000E+00  0.000E+00
 -0.874  0.000E+00  0.000E+00
 -0.864  0.000E+00  0.000E+00
 -0.854  0.000E+00  0.000E+00
 -0.844  0.000E+00  0.000E+00
 -0.834  0.000E+00  0.000E+00
 -0.824  0.000E+00  0.000E+00
 -0.814  0.000E+00  0.000E+00
 -0.804  0.000E+00  0.000E+00
 -0.794  0.000E+00  0.000E+00
 -0.784  0.000E+00  0.000E+00
 -0.774  0.000E+00  0.000E+00
 -0.764  0.000E+00  0.000E+00
 -0.754  0.000E+00  0.000E+00
 -0.744  0.000E+00  0.000E+00
 -0.734  0.000E+00  0.000E+00
 -0.724  0.000E+00  0.000E+00
 -0.714  0.000E+00  0.000E+00
 -0.704  0.000E+00  0.000E+00
 -0.694  0.000E+00  0.000E+00
 -0.684  0.000E+00  0.000E+00
 -0.674  0.000E+00  0.000E+00
 -0.664  0.000E+00  0.000E+00
 -0.654  0.000E+00  0.000E+00
 -0.644  0.000E+00  0.000E+00
 -0.634  0.000E+00  0.000E+00
 -0.624  0.000E+00  0.000E+00
 -0.614  0.000E+00  0.000E+00
 -0.604  0.000E+00  0.000E+00
 -0.594  0.000E+00  0.000E+00
 -0.584  0.000E+00  0.000E+00
 -0.574  0.000E+00  0.000E+00
 -0.564  0.000E+00  0.000E+00
 -0.554  0.000E+00  0.000E+00
 -0.544  0.000E+00  0.000E+00
 -0.534  0.000E+00  0.000E+00
 -0.524  0.000E+00  0.000E+00
 -0.514  0.000E+00  0.000E+00
 -0.504  0.000E+00  0.000E+00
 -0.494  0.000E+00  0.000E+00
 -0.484  0.000E+00  0.000E+00
 -0.474  0.000E+00  0.000E+00
 -0.464  0.000E+00  0.000E+00
 -0.454  0.000E+00  0.000E+00
 -0.444  0.000E+00  0.000E+00
 -0.434  0.000E+00  0.000E+00
 -0.424  0.000E+00  0.000E+00
 -0.414  0.000E+00  0.000E+00
 -0.404  0.000E+00  0.000E+00
 -0.394  0.000E+00  0.000E+00
 -0.384  0.000E+00  0.000E+00
 -0.374  0.000E+00  0.000E+00
 -0.364  0.000E+00  0.000E+00
 -0.354  0.000E+00  0.000E+00
 -0.344  0.000E+00  0.000E+00
 -0.334  0.000E+00  0.000E+00
 -0.324  0.000E+00  0.000E+00
 -0.314  0.000E+00  0.000E+00
 -0.304  0.000E+00  0.000E+00
 -0.294  0.000E+00  0.000E+00
 -0.284  0.000E+00  0.000E+00
 -0.274  0.000E+00  0.000E+00
 -0.264  0.000E+00  0.000E+00
 -0.254  0.000E+00  0.000E+00
 -0.244  0.000E+00  0.000E+00
 -0.234  0.000E+00  0.000E+00
 -0.224  0.000E+00  0.000E+00
 -0.214  0.000E+00  0.000E+00
 -0.204  0.000E+00  0.000E+00
 -0.194  0.000E+00  0.000E+00
 -0.184  0.000E+00  0.000E+00
 -0.174  0.000E+00  0.000E+00
 -0.164  0.000E+00  0.000E+00
 -0.154  0.000E+00  0.000E+00
 -0.144  0.000E+00  0.000E+00
 -0.134  0.121E+01  0.127E+01
 -0.124  0.392E+01  0.372E+01
 -0.114  0.000E+00  0.000E+00
 -0.104  0.000E+00  0.000E+00
 -0.094  0.000E+00  0.000E+00
 -0.084  0.000E+00  0.000E+00
 -0.074  0.000E+00  0.000E+00
 -0.064  0.000E+00  0.000E+00
 -0.054  0.000E+00  0.000E+00
 -0.044  0.000E+00  0.000E+00
 -0.034  0.000E+00  0.000E+00
 -0.024  0.000E+00  0.000E+00
 -0.014  0.000E+00  0.000E+00
 -0.004  0.000E+00  0.000E+00
  0.006  0.000E+00  0.000E+00
  0.016  0.000E+00  0.000E+00
  0.026  0.000E+00  0.000E+00
  0.036  0.000E+00  0.000E+00
  0.046  0.000E+00  0.000E+00
  0.056  0.000E+00  0.000E+00
  0.066  0.000E+00  0.000E+00
  0.076  0.000E+00  0.000E+00
  0.086  0.000E+00  0.000E+00
  0.096  0.000E+00  0.000E+00
  0.106  0.000E+00  0.000E+00
  0.116  0.000E+00  0.000E+00
  0.126  0.000E+00  0.000E+00
  0.136  0.000E+00  0.000E+00
  0.146  0.000E+00  0.000E+00
  0.156  0.000E+00  0.000E+00
  0.166  0.000E+00  0.000E+00
  0.176  0.000E+00  0.000E+00
  0.186  0.000E+00  0.000E+00
  0.196  0.000E+00  0.000E+00
  0.206  0.000E+00  0.000E+00
  0.216  0.000E+00  0.000E+00
  0.226  0.000E+00  0.000E+00
  0.236  0.000E+00  0.000E+00
  0.246  0.000E+00  0.000E+00
  0.256  0.000E+00  0.000E+00
  0.266  0.000E+00  0.000E+00
  0.276  0.000E+00  0.000E+00
  0.286  0.000E+00  0.000E+00
  0.296  0.000E+00  0.000E+00
  0.306  0.000E+00  0.000E+00
  0.316  0.000E+00  0.000E+00
  0.326  0.000E+00  0.000E+00
  0.336  0.000E+00  0.000E+00
  0.346  0.000E+00  0.000E+00
  0.356  0.000E+00  0.000E+00
  0.366  0.000E+00  0.000E+00
  0.376  0.000E+00  0.000E+00
  0.386  0.000E+00  0.000E+00
  0.396  0.000E+00  0.000E+00
  0.406  0.000E+00  0.000E+00
  0.416  0.000E+00  0.000E+00
  0.426  0.000E+00  0.000E+00
  0.436  0.000E+00  0.000E+00
  0.446  0.000E+00  0.000E+00
  0.456  0.000E+00  0.000E+00
  0.466  0.000E+00  0.000E+00
  0.476  0.000E+00  0.000E+00
  0.486  0.000E+00  0.000E+00
  0.496  0.000E+00  0.000E+00
  0.506  0.000E+00  0.000E+00
  0.516  0.000E+00  0.000E+00
  0.526  0.000E+00  0.000E+00
  0.536  0.000E+00  0.000E+00
  0.546  0.000E+00  0.000E+00
  0.556  0.000E+00  0.000E+00
  0.566  0.000E+00  0.000E+00
  0.576  0.000E+00  0.000E+00
  0.586  0.000E+00  0.000E+00
  0.596  0.000E+00  0.000E+00
  0.606  0.000E+00  0.000E+00
  0.616  0.000E+00  0.000E+00
  0.626  0.000E+00  0.000E+00
  0.636  0.000E+00  0.000E+00
  0.646  0.000E+00  0.000E+00
  0.656  0.000E+00  0.000E+00
  0.666  0.000E+00  0.000E+00
  0.676  0.000E+00  0.000E+00
  0.686  0.000E+00  0.000E+00
  0.696  0.000E+00  0.000E+00
  0.706  0.000E+00  0.000E+00
  0.716  0.000E+00  0.000E+00
  0.726  0.000E+00  0.000E+00
  0.736  0.000E+00  0.000E+00
  0.746  0.000E+00  0.000E+00
  0.756  0.000E+00  0.000E+00
  0.766  0.000E+00  0.000E+00
  0.776  0.000E+00  0.000E+00
  0.786  0.000E+00  0.000E+00
  0.796  0.000E+00  0.000E+00
  0.806  0.000E+00  0.000E+00
  0.816  0.000E+00  0.000E+00
  0.826  0.000E+00  0.000E+00
  0.836  0.000E+00  0.000E+00
  0.846  0.000E+00  0.000E+00
  0.856  0.000E+00  0.000E+00
  0.866  0.000E+00  0.000E+00
  0.876  0.000E+00  0.000E+00
  0.886  0.000E+00  0.000E+00
  0.896  0.000E+00  0.000E+00
  0.906  0.000E+00  0.000E+00
  0.916  0.000E+00  0.000E+00
  0.926  0.000E+00  0.000E+00
  0.936  0.000E+00  0.000E+00
  0.946  0.000E+00  0.000E+00
  0.956  0.000E+00  0.000E+00
  0.966  0.000E+00  0.000E+00
  0.976  0.000E+00  0.000E+00
  0.986  0.000E+00  0.000E+00
  0.996  0.000E+00  0.000E+00
  1.006  0.000E+00  0.000E+00
  1.016  0.000E+00  0.000E+00
  1.026  0.000E+00  0.000E+00
  1.036  0.000E+00  0.000E+00
  1.046  0.000E+00  0.000E+00
  1.056  0.000E+00  0.000E+00
  1.066  0.000E+00  0.000E+00
  1.076  0.000E+00  0.000E+00
  1.086  0.000E+00  0.000E+00
  1.096  0.000E+00  0.000E+00
  1.106  0.000E+00  0.000E+00
  1.116  0.000E+00  0.000E+00
  1.126  0.000E+00  0.000E+00
  1.136  0.000E+00  0.000E+00
  1.146  0.000E+00  0.000E+00
  1.156  0.000E+00  0.000E+00
  1.166  0.000E+00  0.000E+00
  1.176  0.000E+00  0.000E+00
  1.186  0.000E+00  0.000E+00
  1.196  0.000E+00  0.000E+00
  1.206  0.000E+00  0.000E+00
  1.216  0.000E+00  0.000E+00
  1.226  0.000E+00  0.000E+00
  1.236  0.000E+00  0.000E+00
  1.246  0.000E+00  0.000E+00
  1.256  0.000E+00  0.000E+00
  1.266  0.000E+00  0.000E+00
  1.276  0.000E+00  0.000E+00
  1.286  0.000E+00  0.000E+00
  1.296  0.000E+00  0.000E+00
  1.306  0.000E+00  0.000E+00
  1.316  0.000E+00  0.000E+00
  1.326  0.000E+00  0.000E+00
  1.336  0.000E+00  0.000E+00
  1.346  0.000E+00  0.000E+00
  1.356  0.000E+00  0.000E+00
  1.366  0.000E+00  0.000E+00
  1.376  0.000E+00  0.000E+00
  1.386  0.000E+00  0.000E+00
  1.396  0.000E+00  0.000E+00
  1.406  0.000E+00  0.000E+00
  1.416  0.000E+00  0.000E+00
  1.426  0.000E+00  0.000E+00
  1.436  0.000E+00  0.000E+00
  1.446  0.000E+00  0.000E+00
  1.456  0.000E+00  0.000E+00
  1.466  0.000E+00  0.000E+00
  1.476  0.000E+00  0.000E+00
  1.486  0.000E+00  0.000E+00
  1.496  0.000E+00  0.000E+00
  1.506  0.000E+00  0.000E+00
  1.516  0.000E+00  0.000E+00
  1.526  0.000E+00  0.000E+00
  1.536  0.000E+00  0.000E+00
  1.546  0.000E+00  0.000E+00
  1.556  0.000E+00  0.000E+00
  1.566  0.000E+00  0.000E+00
  1.576  0.000E+00  0.000E+00
  1.586  0.000E+00  0.000E+00
  1.596  0.000E+00  0.000E+00
  1.606  0.000E+00  0.000E+00
  1.616  0.000E+00  0.000E+00
  1.626  0.000E+00  0.000E+00
  1.636  0.000E+00  0.000E+00
  1.646  0.000E+00  0.000E+00
  1.656  0.000E+00  0.000E+00
  1.666  0.000E+00  0.000E+00
  1.676  0.000E+00  0.000E+00
  1.686  0.000E+00  0.000E+00
  1.696  0.000E+00  0.000E+00
  1.706  0.000E+00  0.000E+00
  1.716  0.000E+00  0.000E+00
  1.726  0.000E+00  0.000E+00
  1.736  0.000E+00  0.000E+00
  1.746  0.000E+00  0.000E+00
  1.756  0.000E+00  0.000E+00
  1.766  0.000E+00  0.000E+00
  1.776  0.000E+00  0.000E+00
  1.786  0.000E+00  0.000E+00
  1.796  0.000E+00  0.000E+00
  1.806  0.000E+00  0.000E+00
  1.816  0.000E+00  0.000E+00
  1.826  0.000E+00  0.000E+00
  1.836  0.000E+00  0.000E+00
  1.846  0.000E+00  0.000E+00
  1.856  0.000E+00  0.000E+00
  1.866  0.000E+00  0.000E+00
  1.876  0.000E+00  0.000E+00
  1.886  0.000E+00  0.000E+00
  1.896  0.000E+00  0.000E+00
  1.906  0.000E+00  0.000E+00
  1.916  0.000E+00  0.000E+00
  1.926  0.000E+00  0.000E+00
  1.936  0.000E+00  0.000E+00
  1.946  0.000E+00  0.000E+00
  1.956  0.000E+00  0.000E+00
  1.966  0.000E+00  0.000E+00
  1.976  0.000E+00  0.000E+00
  1.986  0.000E+00  0.000E+00
  1.996  0.000E+00  0.000E+00
  2.006  0.000E+00  0.000E+00
  2.016  0.000E+00  0.000E+00
  2.026  0.000E+00  0.000E+00
  2.036  0.000E+00  0.000E+00
  2.046  0.000E+00  0.000E+00
  2.056  0.000E+00  0.000E+00
  2.066  0.000E+00  0.000E+00
  2.076  0.000E+00  0.000E+00
  2.086  0.000E+00  0.000E+00
  2.096  0.000E+00  0.000E+00
  2.106  0.000E+00  0.000E+00
  2.116  0.000E+00  0.000E+00
  2.126  0.000E+00  0.000E+00
  2.136  0.000E+00  0.000E+00
  2.146  0.000E+00  0.000E+00
  2.156  0.000E+00  0.000E+00
  2.166  0.000E+00  0.000E+00
  2.176  0.000E+00  0.000E+00
  2.186  0.000E+00  0.000E+00
  2.196  0.000E+00  0.000E+00
  2.206  0.000E+00  0.000E+00
  2.216  0.000E+00  0.000E+00
  2.226  0.000E+00  0.000E+00
  2.236  0.000E+00  0.000E+00
  2.246  0.000E+00  0.000E+00
  2.256  0.000E+00  0.000E+00
  2.266  0.000E+00  0.000E+00
  2.276  0.000E+00  0.000E+00
  2.286  0.000E+00  0.000E+00
  2.296  0.000E+00  0.000E+00
  2.306  0.000E+00  0.000E+00
  2.316  0.000E+00  0.000E+00
  2.326  0.000E+00  0.000E+00
  2.336  0.000E+00  0.000E+00
  2.346  0.000E+00  0.000E+00
  2.356  0.000E+00  0.000E+00
  2.366  0.000E+00  0.000E+00
  2.376  0.000E+00  0.000E+00
  2.386  0.000E+00  0.000E+00
  2.396  0.274E-02  0.274E-02
  2.406  0.336E-01  0.336E-01
  2.416  0.987E-01  0.987E-01
  2.426  0.142E+00  0.142E+00
  2.436  0.188E+00  0.188E+00
  2.446  0.238E+00  0.238E+00
  2.456  0.290E+00  0.290E+00
  2.466  0.345E+00  0.345E+00
  2.476  0.399E+00  0.399E+00
  2.486  0.450E+00  0.450E+00
  2.496  0.500E+00  0.500E+00
  2.506  0.550E+00  0.550E+00
  2.516  0.602E+00  0.602E+00
  2.526  0.647E+00  0.647E+00
  2.536  0.669E+00  0.669E+00
  2.546  0.687E+00  0.687E+00
  2.556  0.715E+00  0.715E+00
  2.566  0.739E+00  0.739E+00
  2.576  0.763E+00  0.763E+00
  2.586  0.788E+00  0.788E+00
  2.596  0.816E+00  0.816E+00
  2.606  0.850E+00  0.850E+00
  2.616  0.896E+00  0.896E+00
  2.626  0.955E+00  0.955E+00
  2.636  0.103E+01  0.103E+01
  2.646  0.111E+01  0.111E+01
  2.656  0.121E+01  0.121E+01
  2.666  0.133E+01  0.133E+01
  2.676  0.156E+01  0.156E+01
  2.686  0.211E+01  0.211E+01
  2.696  0.286E+01  0.286E+01
  2.706  0.343E+01  0.343E+01
  2.716  0.382E+01  0.382E+01
  2.726  0.422E+01  0.422E+01
  2.736  0.456E+01  0.456E+01
  2.746  0.506E+01  0.506E+01
  2.756  0.535E+01  0.535E+01
  2.766  0.549E+01  0.549E+01
  2.776  0.560E+01  0.560E+01
  2.786  0.576E+01  0.576E+01
  2.796  0.617E+01  0.617E+01
  2.806  0.726E+01  0.726E+01
  2.816  0.818E+01  0.818E+01
  2.826  0.849E+01  0.849E+01
  2.836  0.828E+01  0.828E+01
  2.846  0.819E+01  0.819E+01
  2.856  0.802E+01  0.802E+01
  2.866  0.801E+01  0.801E+01
  2.876  0.800E+01  0.800E+01
  2.886  0.811E+01  0.811E+01
  2.896  0.815E+01  0.815E+01
  2.906  0.829E+01  0.829E+01
  2.916  0.882E+01  0.882E+01
  2.926  0.952E+01  0.952E+01
  2.936  0.991E+01  0.991E+01
  2.946  0.105E+02  0.105E+02
  2.956  0.981E+01  0.981E+01
  2.966  0.103E+02  0.103E+02
  2.976  0.107E+02  0.107E+02
  2.986  0.115E+02  0.115E+02
  2.996  0.124E+02  0.124E+02
  3.006  0.128E+02  0.128E+02
  3.016  0.129E+02  0.129E+02
  3.026  0.132E+02  0.132E+02
  3.036  0.137E+02  0.137E+02
  3.046  0.137E+02  0.137E+02
  3.056  0.135E+02  0.135E+02
  3.066  0.134E+02  0.134E+02
  3.076  0.137E+02  0.137E+02
  3.086  0.140E+02  0.140E+02
  3.096  0.143E+02  0.143E+02
  3.106  0.145E+02  0.145E+02
  3.116  0.148E+02  0.148E+02
  3.126  0.153E+02  0.153E+02
  3.136  0.162E+02  0.162E+02
  3.146  0.173E+02  0.173E+02
  3.156  0.182E+02  0.182E+02
  3.166  0.189E+02  0.189E+02
  3.176  0.191E+02  0.191E+02
  3.186  0.192E+02  0.192E+02
  3.196  0.191E+02  0.191E+02
  3.206  0.190E+02  0.190E+02
  3.216  0.185E+02  0.185E+02
  3.226  0.188E+02  0.188E+02
  3.236  0.174E+02  0.174E+02
  3.246  0.169E+02  0.169E+02
  3.256  0.173E+02  0.173E+02
  3.266  0.177E+02  0.177E+02
  3.276  0.177E+02  0.177E+02
  3.286  0.178E+02  0.178E+02
  3.296  0.174E+02  0.174E+02
  3.306  0.175E+02  0.175E+02
  3.316  0.183E+02  0.183E+02
  3.326  0.191E+02  0.191E+02
  3.336  0.204E+02  0.204E+02
  3.346  0.205E+02  0.205E+02
  3.356  0.207E+02  0.207E+02
  3.366  0.203E+02  0.203E+02
  3.376  0.190E+02  0.190E+02
  3.386  0.196E+02  0.196E+02
  3.396  0.205E+02  0.205E+02
  3.406  0.210E+02  0.210E+02
  3.416  0.216E+02  0.216E+02
  3.426  0.216E+02  0.216E+02
  3.436  0.233E+02  0.233E+02
  3.446  0.229E+02  0.229E+02
  3.456  0.226E+02  0.226E+02
  3.466  0.195E+02  0.195E+02
  3.476  0.187E+02  0.187E+02
  3.486  0.194E+02  0.194E+02
  3.496  0.194E+02  0.194E+02
  3.506  0.180E+02  0.180E+02
  3.516  0.182E+02  0.182E+02
  3.526  0.194E+02  0.194E+02
  3.536  0.186E+02  0.186E+02
  3.546  0.177E+02  0.177E+02
  3.556  0.177E+02  0.177E+02
  3.566  0.187E+02  0.187E+02
  3.576  0.200E+02  0.200E+02
  3.586  0.165E+02  0.165E+02
  3.596  0.153E+02  0.153E+02
  3.606  0.129E+02  0.129E+02
  3.616  0.121E+02  0.121E+02
  3.626  0.129E+02  0.129E+02
  3.636  0.131E+02  0.131E+02
  3.646  0.128E+02  0.128E+02
  3.656  0.117E+02  0.117E+02
  3.666  0.112E+02  0.112E+02
  3.676  0.118E+02  0.118E+02
  3.686  0.109E+02  0.109E+02
  3.696  0.113E+02  0.113E+02
  3.706  0.120E+02  0.120E+02
  3.716  0.119E+02  0.119E+02
  3.726  0.115E+02  0.115E+02
  3.736  0.107E+02  0.107E+02
  3.746  0.111E+02  0.111E+02
  3.756  0.112E+02  0.112E+02
  3.766  0.112E+02  0.112E+02
  3.776  0.110E+02  0.110E+02
  3.786  0.107E+02  0.107E+02
  3.796  0.105E+02  0.105E+02
  3.806  0.996E+01  0.996E+01
  3.816  0.918E+01  0.918E+01
  3.826  0.894E+01  0.894E+01
  3.836  0.896E+01  0.896E+01
  3.846  0.825E+01  0.825E+01
  3.856  0.864E+01  0.864E+01
  3.866  0.885E+01  0.885E+01
  3.876  0.896E+01  0.896E+01
  3.886  0.862E+01  0.862E+01
  3.896  0.818E+01  0.818E+01
  3.906  0.815E+01  0.815E+01
  3.916  0.865E+01  0.865E+01
  3.926  0.944E+01  0.944E+01
  3.936  0.103E+02  0.103E+02
  3.946  0.111E+02  0.111E+02
  3.956  0.111E+02  0.111E+02
  3.966  0.109E+02  0.109E+02
  3.976  0.105E+02  0.105E+02
  3.986  0.112E+02  0.112E+02
  3.996  0.109E+02  0.109E+02
  4.006  0.105E+02  0.105E+02
  4.016  0.104E+02  0.104E+02
  4.026  0.124E+02  0.124E+02
  4.036  0.123E+02  0.123E+02
  4.046  0.120E+02  0.120E+02
  4.056  0.111E+02  0.111E+02
  4.066  0.110E+02  0.110E+02
  4.076  0.110E+02  0.110E+02
  4.086  0.109E+02  0.109E+02
  4.096  0.107E+02  0.107E+02
  4.106  0.104E+02  0.104E+02
  4.116  0.130E+02  0.130E+02
  4.126  0.158E+02  0.158E+02
  4.136  0.125E+02  0.125E+02
  4.146  0.110E+02  0.110E+02
  4.156  0.115E+02  0.115E+02
  4.166  0.106E+02  0.106E+02
  4.176  0.101E+02  0.101E+02
  4.186  0.124E+02  0.124E+02
  4.196  0.114E+02  0.114E+02
  4.206  0.102E+02  0.102E+02
  4.216  0.930E+01  0.930E+01
  4.226  0.891E+01  0.891E+01
  4.236  0.913E+01  0.913E+01
  4.246  0.931E+01  0.931E+01
  4.256  0.834E+01  0.834E+01
  4.266  0.683E+01  0.682E+01
  4.276  0.648E+01  0.648E+01
  4.286  0.625E+01  0.625E+01
  4.296  0.621E+01  0.621E+01
  4.306  0.619E+01  0.619E+01
  4.316  0.614E+01  0.614E+01
  4.326  0.612E+01  0.612E+01
  4.336  0.577E+01  0.577E+01
  4.346  0.563E+01  0.563E+01
  4.356  0.566E+01  0.566E+01
  4.366  0.578E+01  0.578E+01
  4.376  0.611E+01  0.611E+01
  4.386  0.674E+01  0.674E+01
  4.396  0.882E+01  0.882E+01
  4.406  0.811E+01  0.811E+01
  4.416  0.845E+01  0.845E+01
  4.426  0.845E+01  0.845E+01
  4.436  0.878E+01  0.878E+01
  4.446  0.823E+01  0.823E+01
  4.456  0.715E+01  0.715E+01
  4.466  0.656E+01  0.656E+01
  4.476  0.648E+01  0.648E+01
  4.486  0.663E+01  0.663E+01
  4.496  0.645E+01  0.645E+01
  4.506  0.633E+01  0.633E+01
  4.516  0.618E+01  0.618E+01
  4.526  0.617E+01  0.617E+01
  4.536  0.615E+01  0.615E+01
  4.546  0.614E+01  0.614E+01
  4.556  0.600E+01  0.600E+01
  4.566  0.608E+01  0.608E+01
  4.576  0.635E+01  0.635E+01
  4.586  0.657E+01  0.657E+01
  4.596  0.687E+01  0.687E+01
  4.606  0.823E+01  0.823E+01
  4.616  0.719E+01  0.719E+01
  4.626  0.709E+01  0.709E+01
  4.636  0.699E+01  0.699E+01
  4.646  0.714E+01  0.714E+01
  4.656  0.716E+01  0.716E+01
  4.666  0.713E+01  0.713E+01
  4.676  0.727E+01  0.727E+01
  4.686  0.738E+01  0.738E+01
  4.696  0.716E+01  0.716E+01
  4.706  0.705E+01  0.705E+01
  4.716  0.704E+01  0.704E+01
  4.726  0.698E+01  0.698E+01
  4.736  0.691E+01  0.690E+01
  4.746  0.670E+01  0.670E+01
  4.756  0.656E+01  0.656E+01
  4.766  0.650E+01  0.650E+01
  4.776  0.647E+01  0.647E+01
  4.786  0.645E+01  0.645E+01
  4.796  0.645E+01  0.645E+01
  4.806  0.648E+01  0.648E+01
  4.816  0.649E+01  0.649E+01
  4.826  0.654E+01  0.654E+01
  4.836  0.663E+01  0.663E+01
  4.846  0.677E+01  0.677E+01
  4.856  0.694E+01  0.694E+01
  4.866  0.726E+01  0.726E+01
  4.876  0.669E+01  0.669E+01
  4.886  0.662E+01  0.662E+01
  4.896  0.655E+01  0.655E+01
  4.906  0.649E+01  0.649E+01
  4.916  0.648E+01  0.648E+01
  4.926  0.646E+01  0.646E+01
  4.936  0.644E+01  0.644E+01
  4.946  0.647E+01  0.647E+01
  4.956  0.652E+01  0.652E+01
  4.966  0.657E+01  0.657E+01
  4.976  0.663E+01  0.663E+01
  4.986  0.671E+01  0.671E+01
  4.996  0.677E+01  0.677E+01
  5.006  0.685E+01  0.685E+01
  5.016  0.693E+01  0.693E+01
  5.026  0.705E+01  0.705E+01
  5.036  0.722E+01  0.722E+01
  5.046  0.747E+01  0.747E+01
  5.056  0.777E+01  0.777E+01
  5.066  0.803E+01  0.803E+01
  5.076  0.824E+01  0.824E+01
  5.086  0.848E+01  0.848E+01
  5.096  0.867E+01  0.867E+01
  5.106  0.919E+01  0.919E+01
  5.116  0.975E+01  0.975E+01
  5.126  0.103E+02  0.103E+02
  5.136  0.109E+02  0.109E+02
  5.146  0.120E+02  0.120E+02
  5.156  0.124E+02  0.124E+02
  5.166  0.130E+02  0.130E+02
  5.176  0.135E+02  0.135E+02
  5.186  0.135E+02  0.135E+02
  5.196  0.134E+02  0.134E+02
  5.206  0.132E+02  0.132E+02
  5.216  0.136E+02  0.136E+02
  5.226  0.141E+02  0.141E+02
  5.236  0.139E+02  0.139E+02
  5.246  0.139E+02  0.139E+02
  5.256  0.141E+02  0.141E+02
  5.266  0.145E+02  0.145E+02
  5.276  0.143E+02  0.143E+02
  5.286  0.142E+02  0.142E+02
  5.296  0.142E+02  0.142E+02
  5.306  0.143E+02  0.143E+02
  5.316  0.141E+02  0.141E+02
  5.326  0.139E+02  0.139E+02
  5.336  0.135E+02  0.135E+02
  5.346  0.130E+02  0.130E+02
  5.356  0.125E+02  0.125E+02
  5.366  0.122E+02  0.122E+02
  5.376  0.121E+02  0.121E+02
  5.386  0.118E+02  0.118E+02
  5.396  0.114E+02  0.114E+02
  5.406  0.105E+02  0.105E+02
  5.416  0.107E+02  0.107E+02
  5.426  0.100E+02  0.100E+02
  5.436  0.990E+01  0.990E+01
  5.446  0.101E+02  0.101E+02
  5.456  0.105E+02  0.105E+02
  5.466  0.109E+02  0.109E+02
  5.476  0.109E+02  0.109E+02
  5.486  0.107E+02  0.107E+02
  5.496  0.106E+02  0.106E+02
  5.506  0.106E+02  0.106E+02
  5.516  0.106E+02  0.106E+02
  5.526  0.107E+02  0.107E+02
  5.536  0.108E+02  0.108E+02
  5.546  0.109E+02  0.109E+02
  5.556  0.109E+02  0.109E+02
  5.566  0.110E+02  0.110E+02
  5.576  0.111E+02  0.111E+02
  5.586  0.112E+02  0.112E+02
  5.596  0.112E+02  0.112E+02
  5.606  0.115E+02  0.115E+02
  5.616  0.119E+02  0.119E+02
  5.626  0.117E+02  0.117E+02
  5.636  0.118E+02  0.118E+02
  5.646  0.118E+02  0.118E+02
  5.656  0.120E+02  0.120E+02
  5.666  0.121E+02  0.121E+02
  5.676  0.122E+02  0.122E+02
  5.686  0.123E+02  0.123E+02
  5.696  0.124E+02  0.124E+02
  5.706  0.124E+02  0.124E+02
  5.716  0.125E+02  0.125E+02
  5.726  0.126E+02  0.126E+02
  5.736  0.128E+02  0.128E+02
  5.746  0.133E+02  0.133E+02
  5.756  0.132E+02  0.132E+02
  5.766  0.131E+02  0.131E+02
  5.776  0.133E+02  0.133E+02
  5.786  0.136E+02  0.136E+02
  5.796  0.139E+02  0.139E+02
  5.806  0.142E+02  0.142E+02
  5.816  0.140E+02  0.140E+02
  5.826  0.141E+02  0.141E+02
  5.836  0.142E+02  0.142E+02
  5.846  0.141E+02  0.141E+02
  5.856  0.139E+02  0.139E+02
  5.866  0.136E+02  0.136E+02
  5.876  0.131E+02  0.131E+02
  5.886  0.127E+02  0.127E+02
  5.896  0.125E+02  0.125E+02
  5.906  0.124E+02  0.124E+02
  5.916  0.123E+02  0.123E+02
  5.926  0.123E+02  0.123E+02
  5.936  0.125E+02  0.125E+02
  5.946  0.127E+02  0.127E+02
  5.956  0.128E+02  0.128E+02
  5.966  0.131E+02  0.131E+02
  5.976  0.133E+02  0.133E+02
  5.986  0.131E+02  0.131E+02
  5.996  0.123E+02  0.123E+02
  6.006  0.123E+02  0.123E+02
  6.016  0.123E+02  0.123E+02
  6.026  0.121E+02  0.121E+02
  6.036  0.121E+02  0.121E+02
  6.046  0.124E+02  0.124E+02
  6.056  0.130E+02  0.130E+02
  6.066  0.136E+02  0.136E+02
  6.076  0.146E+02  0.146E+02
  6.086  0.154E+02  0.154E+02
  6.096  0.160E+02  0.160E+02
  6.106  0.160E+02  0.160E+02
  6.116  0.165E+02  0.165E+02
  6.126  0.164E+02  0.164E+02
  6.136  0.159E+02  0.159E+02
  6.146  0.156E+02  0.156E+02
  6.156  0.154E+02  0.154E+02
  6.166  0.158E+02  0.158E+02
  6.176  0.160E+02  0.160E+02
  6.186  0.157E+02  0.157E+02
  6.196  0.156E+02  0.156E+02
  6.206  0.153E+02  0.153E+02
  6.216  0.155E+02  0.155E+02
  6.226  0.152E+02  0.152E+02
  6.236  0.150E+02  0.150E+02
  6.246  0.153E+02  0.153E+02
  6.256  0.154E+02  0.154E+02
  6.266  0.157E+02  0.157E+02
  6.276  0.158E+02  0.158E+02
  6.286  0.161E+02  0.161E+02
  6.296  0.162E+02  0.162E+02
  6.306  0.188E+02  0.188E+02
  6.316  0.185E+02  0.185E+02
  6.326  0.176E+02  0.176E+02
  6.336  0.151E+02  0.151E+02
  6.346  0.137E+02  0.137E+02
  6.356  0.141E+02  0.141E+02
  6.366  0.141E+02  0.141E+02
  6.376  0.134E+02  0.134E+02
  6.386  0.143E+02  0.143E+02
  6.396  0.149E+02  0.149E+02
  6.406  0.152E+02  0.152E+02
  6.416  0.155E+02  0.155E+02
  6.426  0.158E+02  0.158E+02
  6.436  0.154E+02  0.154E+02
  6.446  0.162E+02  0.162E+02
  6.456  0.172E+02  0.172E+02
  6.466  0.147E+02  0.147E+02
  6.476  0.150E+02  0.150E+02
  6.486  0.159E+02  0.159E+02
  6.496  0.168E+02  0.168E+02
  6.506  0.172E+02  0.172E+02
  6.516  0.174E+02  0.174E+02
  6.526  0.179E+02  0.179E+02
  6.536  0.192E+02  0.192E+02
  6.546  0.197E+02  0.197E+02
  6.556  0.185E+02  0.185E+02
  6.566  0.194E+02  0.194E+02
  6.576  0.218E+02  0.218E+02
  6.586  0.188E+02  0.188E+02
  6.596  0.194E+02  0.194E+02
  6.606  0.188E+02  0.188E+02
  6.616  0.199E+02  0.199E+02
  6.626  0.197E+02  0.197E+02
  6.636  0.233E+02  0.233E+02
  6.646  0.217E+02  0.217E+02
  6.656  0.219E+02  0.219E+02
  6.666  0.218E+02  0.218E+02
  6.676  0.223E+02  0.223E+02
  6.686  0.224E+02  0.224E+02
  6.696  0.223E+02  0.223E+02
  6.706  0.220E+02  0.220E+02
  6.716  0.234E+02  0.235E+02
  6.726  0.245E+02  0.245E+02
  6.736  0.240E+02  0.240E+02
  6.746  0.225E+02  0.225E+02
  6.756  0.206E+02  0.206E+02
  6.766  0.191E+02  0.191E+02
  6.776  0.186E+02  0.186E+02
  6.786  0.178E+02  0.178E+02
  6.796  0.170E+02  0.170E+02
  6.806  0.167E+02  0.167E+02
  6.816  0.170E+02  0.170E+02
  6.826  0.174E+02  0.174E+02
  6.836  0.178E+02  0.178E+02
  6.846  0.198E+02  0.198E+02
  6.856  0.209E+02  0.209E+02
  6.866  0.218E+02  0.218E+02
  6.876  0.249E+02  0.249E+02
  6.886  0.267E+02  0.267E+02
  6.896  0.286E+02  0.286E+02
  6.906  0.285E+02  0.285E+02
  6.916  0.268E+02  0.268E+02
  6.926  0.251E+02  0.251E+02
  6.936  0.236E+02  0.236E+02
  6.946  0.235E+02  0.235E+02
  6.956  0.239E+02  0.239E+02
  6.966  0.244E+02  0.244E+02
  6.976  0.252E+02  0.252E+02
  6.986  0.253E+02  0.253E+02
  6.996  0.233E+02  0.233E+02
  7.006  0.241E+02  0.241E+02
  7.016  0.238E+02  0.238E+02
  7.026  0.231E+02  0.231E+02
  7.036  0.227E+02  0.227E+02
  7.046  0.225E+02  0.225E+02
  7.056  0.220E+02  0.220E+02
  7.066  0.209E+02  0.209E+02
  7.076  0.204E+02  0.204E+02
  7.086  0.201E+02  0.201E+02
  7.096  0.198E+02  0.198E+02
  7.106  0.198E+02  0.198E+02
  7.116  0.200E+02  0.200E+02
  7.126  0.205E+02  0.205E+02
  7.136  0.213E+02  0.213E+02
  7.146  0.222E+02  0.222E+02
  7.156  0.238E+02  0.238E+02
  7.166  0.263E+02  0.263E+02
  7.176  0.289E+02  0.289E+02
  7.186  0.311E+02  0.311E+02
  7.196  0.334E+02  0.334E+02
  7.206  0.347E+02  0.347E+02
  7.216  0.339E+02  0.339E+02
  7.226  0.307E+02  0.307E+02
  7.236  0.306E+02  0.306E+02
  7.246  0.306E+02  0.306E+02
  7.256  0.298E+02  0.298E+02
  7.266  0.295E+02  0.295E+02
  7.276  0.296E+02  0.296E+02
  7.286  0.299E+02  0.299E+02
  7.296  0.297E+02  0.297E+02
  7.306  0.294E+02  0.294E+02
  7.316  0.301E+02  0.301E+02
  7.326  0.299E+02  0.299E+02
  7.336  0.288E+02  0.288E+02
  7.346  0.279E+02  0.279E+02
  7.356  0.273E+02  0.273E+02
  7.366  0.264E+02  0.264E+02
  7.376  0.255E+02  0.255E+02
  7.386  0.250E+02  0.250E+02
  7.396  0.244E+02  0.244E+02
  7.406  0.248E+02  0.248E+02
  7.416  0.259E+02  0.259E+02
  7.426  0.290E+02  0.290E+02
  7.436  0.288E+02  0.288E+02
  7.446  0.290E+02  0.290E+02
  7.456  0.293E+02  0.293E+02
  7.466  0.280E+02  0.280E+02
  7.476  0.275E+02  0.275E+02
  7.486  0.301E+02  0.301E+02
  7.496  0.330E+02  0.330E+02
  7.506  0.350E+02  0.350E+02
  7.516  0.323E+02  0.323E+02
  7.526  0.302E+02  0.302E+02
  7.536  0.313E+02  0.313E+02
  7.546  0.309E+02  0.309E+02
  7.556  0.315E+02  0.315E+02
  7.566  0.323E+02  0.323E+02
  7.576  0.307E+02  0.307E+02
  7.586  0.303E+02  0.303E+02
  7.596  0.337E+02  0.337E+02
  7.606  0.318E+02  0.318E+02
  7.616  0.305E+02  0.305E+02
  7.626  0.311E+02  0.311E+02
  7.636  0.338E+02  0.338E+02
  7.646  0.342E+02  0.342E+02
  7.656  0.362E+02  0.362E+02
  7.666  0.374E+02  0.374E+02
  7.676  0.364E+02  0.364E+02
  7.686  0.348E+02  0.348E+02
  7.696  0.363E+02  0.363E+02
  7.706  0.355E+02  0.355E+02
  7.716  0.350E+02  0.350E+02
  7.726  0.366E+02  0.366E+02
  7.736  0.368E+02  0.368E+02
  7.746  0.344E+02  0.344E+02
  7.756  0.333E+02  0.333E+02
  7.766  0.353E+02  0.353E+02
  7.776  0.388E+02  0.388E+02
  7.786  0.420E+02  0.420E+02
  7.796  0.421E+02  0.421E+02
  7.806  0.444E+02  0.444E+02
  7.816  0.477E+02  0.477E+02
  7.826  0.483E+02  0.483E+02
  7.836  0.500E+02  0.500E+02
  7.846  0.480E+02  0.480E+02
  7.856  0.488E+02  0.488E+02
  7.866  0.445E+02  0.445E+02
  7.876  0.433E+02  0.433E+02
  7.886  0.419E+02  0.419E+02
  7.896  0.400E+02  0.400E+02
  7.906  0.382E+02  0.382E+02
  7.916  0.360E+02  0.360E+02
  7.926  0.346E+02  0.346E+02
  7.936  0.333E+02  0.333E+02
  7.946  0.326E+02  0.326E+02
  7.956  0.321E+02  0.321E+02
  7.966  0.318E+02  0.318E+02
  7.976  0.315E+02  0.315E+02
  7.986  0.309E+02  0.309E+02
  7.996  0.321E+02  0.321E+02
  8.006  0.331E+02  0.331E+02
  8.016  0.337E+02  0.337E+02
  8.026  0.337E+02  0.337E+02
  8.036  0.341E+02  0.341E+02
  8.046  0.347E+02  0.347E+02
  8.056  0.322E+02  0.322E+02
  8.066  0.310E+02  0.310E+02
  8.076  0.291E+02  0.291E+02
  8.086  0.284E+02  0.284E+02
  8.096  0.282E+02  0.282E+02
  8.106  0.288E+02  0.288E+02
  8.116  0.292E+02  0.292E+02
  8.126  0.297E+02  0.297E+02
  8.136  0.340E+02  0.340E+02
  8.146  0.334E+02  0.334E+02
  8.156  0.324E+02  0.324E+02
  8.166  0.316E+02  0.316E+02
  8.176  0.289E+02  0.289E+02
  8.186  0.248E+02  0.248E+02
  8.196  0.228E+02  0.228E+02
  8.206  0.237E+02  0.237E+02
  8.216  0.273E+02  0.273E+02
  8.226  0.302E+02  0.302E+02
  8.236  0.287E+02  0.287E+02
  8.246  0.280E+02  0.280E+02
  8.256  0.262E+02  0.262E+02
  8.266  0.243E+02  0.243E+02
  8.276  0.234E+02  0.234E+02
  8.286  0.239E+02  0.239E+02
  8.296  0.267E+02  0.267E+02
  8.306  0.275E+02  0.275E+02
  8.316  0.265E+02  0.265E+02
  8.326  0.262E+02  0.262E+02
  8.336  0.251E+02  0.251E+02
  8.346  0.241E+02  0.241E+02
  8.356  0.234E+02  0.234E+02
  8.366  0.240E+02  0.240E+02
  8.376  0.240E+02  0.240E+02
  8.386  0.201E+02  0.201E+02
  8.396  0.179E+02  0.179E+02
  8.406  0.164E+02  0.164E+02
  8.416  0.203E+02  0.203E+02
  8.426  0.192E+02  0.192E+02
  8.436  0.210E+02  0.210E+02
  8.446  0.206E+02  0.206E+02
  8.456  0.179E+02  0.179E+02
  8.466  0.163E+02  0.163E+02
  8.476  0.151E+02  0.151E+02
  8.486  0.137E+02  0.137E+02
  8.496  0.145E+02  0.145E+02
  8.506  0.165E+02  0.165E+02
  8.516  0.182E+02  0.182E+02
  8.526  0.181E+02  0.181E+02
  8.536  0.174E+02  0.174E+02
  8.546  0.166E+02  0.166E+02
  8.556  0.165E+02  0.166E+02
  8.566  0.181E+02  0.181E+02
  8.576  0.175E+02  0.175E+02
  8.586  0.153E+02  0.153E+02
  8.596  0.122E+02  0.122E+02
  8.606  0.844E+01  0.844E+01
  8.616  0.952E+01  0.952E+01
  8.626  0.291E+02  0.291E+02
  8.636  0.201E+02  0.201E+02
  8.646  0.144E+02  0.144E+02
  8.656  0.113E+02  0.113E+02
  8.666  0.960E+01  0.960E+01
  8.676  0.113E+02  0.113E+02
  8.686  0.214E+02  0.214E+02
  8.696  0.135E+02  0.135E+02
  8.706  0.941E+01  0.941E+01
  8.716  0.917E+01  0.917E+01
  8.726  0.126E+02  0.126E+02
  8.736  0.149E+02  0.149E+02
  8.746  0.163E+02  0.163E+02
  8.756  0.182E+02  0.182E+02
  8.766  0.173E+02  0.172E+02
  8.776  0.160E+02  0.161E+02
  8.786  0.167E+02  0.167E+02
  8.796  0.148E+02  0.148E+02
  8.806  0.126E+02  0.126E+02
  8.816  0.101E+02  0.101E+02
  8.826  0.909E+01  0.909E+01
  8.836  0.798E+01  0.798E+01
  8.846  0.678E+01  0.678E+01
  8.856  0.125E+02  0.125E+02
  8.866  0.130E+02  0.130E+02
  8.876  0.126E+02  0.126E+02
  8.886  0.128E+02  0.128E+02
  8.896  0.126E+02  0.126E+02
  8.906  0.102E+02  0.102E+02
  8.916  0.997E+01  0.999E+01
  8.926  0.111E+02  0.111E+02
  8.936  0.818E+01  0.818E+01
  8.946  0.650E+01  0.650E+01
  8.956  0.704E+01  0.706E+01
  8.966  0.121E+02  0.121E+02
  8.976  0.118E+02  0.118E+02
  8.986  0.807E+01  0.804E+01
  8.996  0.665E+01  0.665E+01
  9.006  0.635E+01  0.635E+01
  9.016  0.596E+01  0.596E+01
  9.026  0.531E+01  0.531E+01
  9.036  0.458E+01  0.458E+01
  9.046  0.435E+01  0.435E+01
  9.056  0.416E+01  0.416E+01
  9.066  0.397E+01  0.397E+01
  9.076  0.382E+01  0.382E+01
  9.086  0.375E+01  0.375E+01
  9.096  0.372E+01  0.372E+01
  9.106  0.370E+01  0.370E+01
  9.116  0.371E+01  0.371E+01
  9.126  0.599E+01  0.599E+01
  9.136  0.878E+01  0.878E+01
  9.146  0.875E+01  0.875E+01
  9.156  0.101E+02  0.101E+02
  9.166  0.976E+01  0.976E+01
  9.176  0.102E+02  0.102E+02
  9.186  0.630E+01  0.629E+01
  9.196  0.503E+01  0.503E+01
  9.206  0.461E+01  0.461E+01
  9.216  0.428E+01  0.428E+01
  9.226  0.402E+01  0.402E+01
  9.236  0.383E+01  0.383E+01
  9.246  0.367E+01  0.368E+01
  9.256  0.350E+01  0.350E+01
  9.266  0.332E+01  0.332E+01
  9.276  0.362E+01  0.364E+01
  9.286  0.416E+01  0.416E+01
  9.296  0.431E+01  0.431E+01
  9.306  0.440E+01  0.440E+01
  9.316  0.437E+01  0.437E+01
  9.326  0.391E+01  0.391E+01
  9.336  0.366E+01  0.366E+01
  9.346  0.338E+01  0.338E+01
  9.356  0.312E+01  0.312E+01
  9.366  0.287E+01  0.287E+01
  9.376  0.269E+01  0.269E+01
  9.386  0.243E+01  0.243E+01
  9.396  0.251E+01  0.252E+01
  9.406  0.275E+01  0.275E+01
  9.416  0.241E+01  0.241E+01
  9.426  0.207E+01  0.207E+01
  9.436  0.194E+01  0.195E+01
  9.446  0.226E+01  0.225E+01
  9.456  0.377E+00  0.367E+00
  9.466  0.000E+00  0.000E+00
  9.476  0.000E+00  0.000E+00
  9.486  0.000E+00  0.000E+00
  9.496  0.000E+00  0.000E+00
  9.506  0.000E+00  0.000E+00
  9.516  0.000E+00  0.000E+00
  9.526  0.000E+00  0.000E+00
  9.536  0.000E+00  0.000E+00
  9.546  0.000E+00  0.000E+00
  9.556  0.000E+00  0.000E+00
  9.566  0.000E+00  0.000E+00
  9.576  0.000E+00  0.000E+00
  9.586  0.000E+00  0.000E+00
  9.596  0.000E+00  0.000E+00
  9.606  0.000E+00  0.000E+00
  9.616  0.000E+00  0.000E+00
  9.626  0.000E+00  0.000E+00
  9.636  0.000E+00  0.000E+00
  9.646  0.000E+00  0.000E+00
  9.656  0.000E+00  0.000E+00
  9.666  0.000E+00  0.000E+00
  9.676  0.000E+00  0.000E+00
  9.686  0.000E+00  0.000E+00
  9.696  0.000E+00  0.000E+00
  9.706  0.000E+00  0.000E+00
  9.716  0.000E+00  0.000E+00
  9.726  0.000E+00  0.000E+00
  9.736  0.000E+00  0.000E+00
  9.746  0.000E+00  0.000E+00
  9.756  0.000E+00  0.000E+00
  9.766  0.000E+00  0.000E+00
  9.776  0.000E+00  0.000E+00
  9.786  0.000E+00  0.000E+00
  9.796  0.000E+00  0.000E+00
  9.806  0.000E+00  0.000E+00
  9.816  0.000E+00  0.000E+00
  9.826  0.000E+00  0.000E+00
  9.836  0.000E+00  0.000E+00
  9.846  0.000E+00  0.000E+00
  9.856  0.000E+00  0.000E+00
  9.866  0.000E+00  0.000E+00
  9.876  0.000E+00  0.000E+00
  9.886  0.000E+00  0.000E+00
  9.896  0.000E+00  0.000E+00
  9.906  0.000E+00  0.000E+00
  9.916  0.000E+00  0.000E+00
  9.926  0.000E+00  0.000E+00
  9.936  0.000E+00  0.000E+00
  9.946  0.000E+00  0.000E+00
  9.956  0.000E+00  0.000E+00
  9.966  0.000E+00  0.000E+00
  9.976  0.000E+00  0.000E+00
  9.986  0.000E+00  0.000E+00
  9.996  0.000E+00  0.000E+00
 10.006  0.000E+00  0.000E+00
 10.016  0.000E+00  0.000E+00
 10.026  0.000E+00  0.000E+00
 10.036  0.000E+00  0.000E+00
 10.046  0.000E+00  0.000E+00
 10.056  0.000E+00  0.000E+00
 10.066  0.000E+00  0.000E+00
 10.076  0.000E+00  0.000E+00
 10.086  0.000E+00  0.000E+00
 10.096  0.000E+00  0.000E+00
 10.106  0.000E+00  0.000E+00
 10.116  0.000E+00  0.000E+00
 10.126  0.000E+00  0.000E+00
 10.136  0.000E+00  0.000E+00
 10.146  0.000E+00  0.000E+00
 10.156  0.000E+00  0.000E+00
 10.166  0.000E+00  0.000E+00
 10.176  0.000E+00  0.000E+00
 10.186  0.000E+00  0.000E+00
 10.196  0.000E+00  0.000E+00
 10.206  0.000E+00  0.000E+00
 10.216  0.000E+00  0.000E+00
 10.226  0.000E+00  0.000E+00
 10.236  0.000E+00  0.000E+00
 10.246  0.000E+00  0.000E+00
 10.256  0.000E+00  0.000E+00
 10.266  0.000E+00  0.000E+00
 10.276  0.000E+00  0.000E+00
 10.286  0.000E+00  0.000E+00
 10.296  0.000E+00  0.000E+00
 10.306  0.000E+00  0.000E+00
 10.316  0.000E+00  0.000E+00
 10.326  0.000E+00  0.000E+00
 10.336  0.000E+00  0.000E+00
 10.346  0.000E+00  0.000E+00
 10.356  0.000E+00  0.000E+00
 10.366  0.000E+00  0.000E+00
 10.376  0.000E+00  0.000E+00
 10.386  0.000E+00  0.000E+00
 10.396  0.000E+00  0.000E+00
 10.406  0.000E+00  0.000E+00
 10.416  0.000E+00  0.000E+00
 10.426  0.000E+00  0.000E+00
 10.436  0.000E+00  0.000E+00
 10.446  0.000E+00  0.000E+00
 10.456  0.000E+00  0.000E+00
 10.466  0.000E+00  0.000E+00
 10.476  0.000E+00  0.000E+00
 10.486  0.000E+00  0.000E+00
 10.496  0.000E+00  0.000E+00
 10.506  0.000E+00  0.000E+00
 10.516  0.000E+00  0.000E+00
 10.526  0.000E+00  0.000E+00
 10.536  0.000E+00  0.000E+00
 10.546  0.000E+00  0.000E+00
 10.556  0.000E+00  0.000E+00
 10.566  0.000E+00  0.000E+00
 10.576  0.000E+00  0.000E+00
 10.586  0.000E+00  0.000E+00
 10.596  0.000E+00  0.000E+00
 10.606  0.000E+00  0.000E+00
 10.616  0.000E+00  0.000E+00
 10.626  0.000E+00  0.000E+00
 10.636  0.000E+00  0.000E+00
 10.646  0.000E+00  0.000E+00
 10.656  0.000E+00  0.000E+00
 10.666  0.000E+00  0.000E+00
 10.676  0.000E+00  0.000E+00
 10.686  0.000E+00  0.000E+00
 10.696  0.000E+00  0.000E+00
 10.706  0.000E+00  0.000E+00
 10.716  0.000E+00  0.000E+00
 10.726  0.000E+00  0.000E+00
 10.736  0.000E+00  0.000E+00
 10.746  0.000E+00  0.000E+00
 10.756  0.000E+00  0.000E+00
 10.766  0.000E+00  0.000E+00
 10.776  0.000E+00  0.000E+00
 10.786  0.000E+00  0.000E+00
 10.796  0.000E+00  0.000E+00
 10.806  0.000E+00  0.000E+00
 10.816  0.000E+00  0.000E+00
 10.826  0.000E+00  0.000E+00
 10.836  0.000E+00  0.000E+00
 10.846  0.000E+00  0.000E+00
 10.856  0.000E+00  0.000E+00
 10.866  0.000E+00  0.000E+00
 10.876  0.000E+00  0.000E+00
 10.886  0.000E+00  0.000E+00
 10.896  0.000E+00  0.000E+00
 10.906  0.000E+00  0.000E+00
 10.916  0.000E+00  0.000E+00
 10.926  0.000E+00  0.000E+00
 10.936  0.000E+00  0.000E+00
 10.946  0.000E+00  0.000E+00
 10.956  0.000E+00  0.000E+00
 10.966  0.000E+00  0.000E+00
 10.976  0.000E+00  0.000E+00
 10.986  0.000E+00  0.000E+00
 10.996  0.000E+00  0.000E+00
 11.006  0.000E+00  0.000E+00
 11.016  0.000E+00  0.000E+00
 11.026  0.662E-06  0.663E-06
 11.036  0.737E-05  0.737E-05
 11.046  0.271E-04  0.271E-04
 11.056  0.666E-04  0.666E-04
 11.066  0.133E-03  0.133E-03
 11.076  0.233E-03  0.233E-03
 11.086  0.373E-03  0.373E-03
 11.096  0.561E-03  0.561E-03
 11.106  0.803E-03  0.803E-03
 11.116  0.111E-02  0.111E-02
 11.126  0.148E-02  0.148E-02
 11.136  0.192E-02  0.192E-02
 11.146  0.245E-02  0.245E-02
 11.156  0.307E-02  0.307E-02
 11.166  0.378E-02  0.378E-02
 11.176  0.460E-02  0.460E-02
 11.186  0.553E-02  0.553E-02
 11.196  0.656E-02  0.656E-02
 11.206  0.773E-02  0.773E-02
 11.216  0.890E-02  0.890E-02
 11.226  0.101E-01  0.101E-01
 11.236  0.113E-01  0.113E-01
 11.246  0.125E-01  0.125E-01
 11.256  0.137E-01  0.137E-01
 11.266  0.149E-01  0.149E-01
 11.276  0.161E-01  0.161E-01
 11.286  0.174E-01  0.174E-01
 11.296  0.186E-01  0.186E-01
 11.306  0.198E-01  0.198E-01
 11.316  0.210E-01  0.210E-01
 11.326  0.222E-01  0.222E-01
 11.336  0.233E-01  0.233E-01
 11.346  0.245E-01  0.245E-01
 11.356  0.256E-01  0.256E-01
 11.366  0.266E-01  0.266E-01
 11.376  0.277E-01  0.277E-01
 11.386  0.287E-01  0.287E-01
 11.396  0.296E-01  0.296E-01
 11.406  0.309E-01  0.309E-01
 11.416  0.325E-01  0.325E-01
 11.426  0.340E-01  0.340E-01
 11.436  0.356E-01  0.356E-01
 11.446  0.372E-01  0.372E-01
 11.456  0.389E-01  0.389E-01
 11.466  0.406E-01  0.406E-01
 11.476  0.423E-01  0.423E-01
 11.486  0.441E-01  0.441E-01
 11.496  0.459E-01  0.459E-01
 11.506  0.477E-01  0.477E-01
 11.516  0.495E-01  0.495E-01
 11.526  0.514E-01  0.514E-01
 11.536  0.533E-01  0.533E-01
 11.546  0.553E-01  0.553E-01
 11.556  0.572E-01  0.572E-01
 11.566  0.591E-01  0.591E-01
 11.576  0.611E-01  0.611E-01
 11.586  0.631E-01  0.631E-01
 11.596  0.651E-01  0.651E-01
 11.606  0.672E-01  0.672E-01
 11.616  0.692E-01  0.692E-01
 11.626  0.713E-01  0.713E-01
 11.636  0.734E-01  0.734E-01
 11.646  0.754E-01  0.754E-01
 11.656  0.774E-01  0.774E-01
 11.666  0.797E-01  0.797E-01
 11.676  0.818E-01  0.818E-01
 11.686  0.842E-01  0.842E-01
 11.696  0.865E-01  0.865E-01
 11.706  0.888E-01  0.888E-01
 11.716  0.910E-01  0.910E-01
 11.726  0.931E-01  0.931E-01
 11.736  0.950E-01  0.950E-01
 11.746  0.969E-01  0.969E-01
 11.756  0.987E-01  0.987E-01
 11.766  0.101E+00  0.101E+00
 11.776  0.102E+00  0.102E+00
 11.786  0.104E+00  0.104E+00
 11.796  0.106E+00  0.106E+00
 11.806  0.108E+00  0.108E+00
 11.816  0.110E+00  0.110E+00
 11.826  0.113E+00  0.113E+00
 11.836  0.115E+00  0.115E+00
 11.846  0.118E+00  0.118E+00
 11.856  0.121E+00  0.121E+00
 11.866  0.124E+00  0.124E+00
 11.876  0.127E+00  0.127E+00
 11.886  0.129E+00  0.129E+00
 11.896  0.132E+00  0.132E+00
 11.906  0.135E+00  0.135E+00
 11.916  0.137E+00  0.137E+00
 11.926  0.140E+00  0.140E+00
 11.936  0.143E+00  0.143E+00
 11.946  0.145E+00  0.145E+00
 11.956  0.148E+00  0.148E+00
 11.966  0.151E+00  0.151E+00
 11.976  0.154E+00  0.154E+00
 11.986  0.156E+00  0.156E+00
 11.996  0.159E+00  0.159E+00
 12.006  0.162E+00  0.162E+00
 12.016  0.166E+00  0.166E+00
 12.026  0.169E+00  0.169E+00
 12.036  0.173E+00  0.173E+00
 12.046  0.177E+00  0.177E+00
 12.056  0.180E+00  0.180E+00
 12.066  0.183E+00  0.183E+00
 12.076  0.187E+00  0.187E+00
 12.086  0.190E+00  0.190E+00
 12.096  0.194E+00  0.194E+00
 12.106  0.197E+00  0.197E+00
 12.116  0.201E+00  0.201E+00
 12.126  0.204E+00  0.204E+00
 12.136  0.208E+00  0.208E+00
 12.146  0.211E+00  0.211E+00
 12.156  0.215E+00  0.215E+00
 12.166  0.218E+00  0.218E+00
 12.176  0.222E+00  0.222E+00
 12.186  0.226E+00  0.226E+00
 12.196  0.229E+00  0.229E+00
 12.206  0.233E+00  0.233E+00
 12.216  0.237E+00  0.237E+00
 12.226  0.241E+00  0.241E+00
 12.236  0.244E+00  0.244E+00
 12.246  0.248E+00  0.248E+00
 12.256  0.252E+00  0.252E+00
 12.266  0.256E+00  0.256E+00
 12.276  0.260E+00  0.260E+00
 12.286  0.264E+00  0.264E+00
 12.296  0.268E+00  0.268E+00
 12.306  0.272E+00  0.272E+00
 12.316  0.276E+00  0.276E+00
 12.326  0.281E+00  0.281E+00
 12.336  0.285E+00  0.285E+00
 12.346  0.290E+00  0.290E+00
 12.356  0.294E+00  0.294E+00
 12.366  0.299E+00  0.299E+00
 12.376  0.306E+00  0.306E+00
 12.386  0.323E+00  0.323E+00
 12.396  0.338E+00  0.338E+00
 12.406  0.353E+00  0.353E+00
 12.416  0.366E+00  0.366E+00
 12.426  0.378E+00  0.378E+00
 12.436  0.388E+00  0.388E+00
 12.446  0.398E+00  0.398E+00
 12.456  0.407E+00  0.407E+00
 12.466  0.409E+00  0.409E+00
 12.476  0.408E+00  0.408E+00
 12.486  0.408E+00  0.408E+00
 12.496  0.406E+00  0.406E+00
 12.506  0.404E+00  0.404E+00
 12.516  0.402E+00  0.402E+00
 12.526  0.399E+00  0.399E+00
 12.536  0.396E+00  0.396E+00
 12.546  0.393E+00  0.393E+00
 12.556  0.391E+00  0.391E+00
 12.566  0.390E+00  0.390E+00
 12.576  0.390E+00  0.390E+00
 12.586  0.391E+00  0.391E+00
 12.596  0.393E+00  0.393E+00
 12.606  0.397E+00  0.397E+00
 12.616  0.402E+00  0.402E+00
 12.626  0.407E+00  0.407E+00
 12.636  0.413E+00  0.413E+00
 12.646  0.420E+00  0.420E+00
 12.656  0.427E+00  0.427E+00
 12.666  0.434E+00  0.434E+00
 12.676  0.437E+00  0.437E+00
 12.686  0.441E+00  0.441E+00
 12.696  0.448E+00  0.448E+00
 12.706  0.458E+00  0.458E+00
 12.716  0.471E+00  0.471E+00
 12.726  0.486E+00  0.486E+00
 12.736  0.528E+00  0.528E+00
 12.746  0.537E+00  0.537E+00
 12.756  0.547E+00  0.547E+00
 12.766  0.556E+00  0.556E+00
 12.776  0.605E+00  0.605E+00
 12.786  0.632E+00  0.633E+00
 12.796  0.651E+00  0.651E+00
 12.806  0.696E+00  0.696E+00
 12.816  0.746E+00  0.746E+00
 12.826  0.802E+00  0.802E+00
 12.836  0.801E+00  0.801E+00
 12.846  0.767E+00  0.767E+00
 12.856  0.717E+00  0.717E+00
 12.866  0.657E+00  0.657E+00
 12.876  0.589E+00  0.589E+00
 12.886  0.548E+00  0.548E+00
 12.896  0.528E+00  0.528E+00
 12.906  0.507E+00  0.507E+00
 12.916  0.489E+00  0.489E+00
 12.926  0.471E+00  0.471E+00
 12.936  0.454E+00  0.454E+00
 12.946  0.439E+00  0.439E+00
 12.956  0.425E+00  0.425E+00
 12.966  0.402E+00  0.402E+00
 12.976  0.376E+00  0.376E+00
 12.986  0.373E+00  0.373E+00
 12.996  0.391E+00  0.391E+00
 13.006  0.441E+00  0.441E+00
 13.016  0.508E+00  0.508E+00
 13.026  0.522E+00  0.522E+00
 13.036  0.577E+00  0.577E+00
 13.046  0.598E+00  0.598E+00
 13.056  0.626E+00  0.626E+00
 13.066  0.655E+00  0.655E+00
 13.076  0.689E+00  0.689E+00
 13.086  0.706E+00  0.706E+00
 13.096  0.720E+00  0.720E+00
 13.106  0.729E+00  0.729E+00
 13.116  0.744E+00  0.744E+00
 13.126  0.764E+00  0.764E+00
 13.136  0.792E+00  0.792E+00
 13.146  0.820E+00  0.820E+00
 13.156  0.832E+00  0.832E+00
 13.166  0.945E+00  0.945E+00
 13.176  0.111E+01  0.112E+01
 13.186  0.127E+01  0.127E+01
 13.196  0.135E+01  0.135E+01
 13.206  0.986E+00  0.986E+00
 13.216  0.967E+00  0.967E+00
 13.226  0.949E+00  0.949E+00
 13.236  0.928E+00  0.928E+00
 13.246  0.937E+00  0.937E+00
 13.256  0.983E+00  0.983E+00
 13.266  0.102E+01  0.102E+01
 13.276  0.105E+01  0.105E+01
 13.286  0.107E+01  0.107E+01
 13.296  0.107E+01  0.107E+01
 13.306  0.165E+01  0.165E+01
 13.316  0.107E+01  0.107E+01
 13.326  0.990E+00  0.990E+00
 13.336  0.957E+00  0.957E+00
 13.346  0.929E+00  0.929E+00
 13.356  0.910E+00  0.910E+00
 13.366  0.912E+00  0.912E+00
 13.376  0.967E+00  0.967E+00
 13.386  0.102E+01  0.102E+01
 13.396  0.108E+01  0.108E+01
 13.406  0.115E+01  0.115E+01
 13.416  0.133E+01  0.133E+01
 13.426  0.130E+01  0.130E+01
 13.436  0.129E+01  0.129E+01
 13.446  0.130E+01  0.130E+01
 13.456  0.134E+01  0.134E+01
 13.466  0.138E+01  0.138E+01
 13.476  0.141E+01  0.141E+01
 13.486  0.140E+01  0.140E+01
 13.496  0.137E+01  0.137E+01
 13.506  0.134E+01  0.134E+01
 13.516  0.135E+01  0.135E+01
 13.526  0.139E+01  0.139E+01
 13.536  0.148E+01  0.148E+01
 13.546  0.164E+01  0.164E+01
 13.556  0.226E+01  0.226E+01
 13.566  0.235E+01  0.235E+01
 13.576  0.261E+01  0.261E+01
 13.586  0.283E+01  0.283E+01
 13.596  0.266E+01  0.266E+01
 13.606  0.279E+01  0.279E+01
 13.616  0.267E+01  0.267E+01
 13.626  0.253E+01  0.253E+01
 13.636  0.218E+01  0.218E+01
 13.646  0.191E+01  0.191E+01
 13.656  0.184E+01  0.184E+01
 13.666  0.195E+01  0.195E+01
 13.676  0.204E+01  0.204E+01
 13.686  0.211E+01  0.211E+01
 13.696  0.215E+01  0.215E+01
 13.706  0.218E+01  0.218E+01
 13.716  0.215E+01  0.215E+01
 13.726  0.213E+01  0.213E+01
 13.736  0.215E+01  0.215E+01
 13.746  0.232E+01  0.232E+01
 13.756  0.229E+01  0.229E+01
 13.766  0.227E+01  0.227E+01
 13.776  0.227E+01  0.227E+01
 13.786  0.230E+01  0.230E+01
 13.796  0.230E+01  0.230E+01
 13.806  0.232E+01  0.232E+01
 13.816  0.231E+01  0.231E+01
 13.826  0.238E+01  0.238E+01
 13.836  0.251E+01  0.251E+01
 13.846  0.254E+01  0.254E+01
 13.856  0.259E+01  0.259E+01
 13.866  0.258E+01  0.258E+01
 13.876  0.254E+01  0.254E+01
 13.886  0.258E+01  0.258E+01
 13.896  0.260E+01  0.260E+01
 13.906  0.262E+01  0.262E+01
 13.916  0.268E+01  0.268E+01
 13.926  0.277E+01  0.277E+01
 13.936  0.280E+01  0.280E+01
 13.946  0.281E+01  0.281E+01
 13.956  0.285E+01  0.285E+01
 13.966  0.294E+01  0.294E+01
 13.976  0.314E+01  0.314E+01
 13.986  0.319E+01  0.319E+01
 13.996  0.314E+01  0.314E+01
 14.006  0.311E+01  0.311E+01
 14.016  0.340E+01  0.340E+01
 14.026  0.309E+01  0.309E+01
 14.036  0.306E+01  0.306E+01
 14.046  0.302E+01  0.302E+01
 14.056  0.300E+01  0.300E+01
 14.066  0.297E+01  0.297E+01
 14.076  0.289E+01  0.289E+01
 14.086  0.284E+01  0.284E+01
 14.096  0.279E+01  0.279E+01
 14.106  0.274E+01  0.274E+01
 14.116  0.267E+01  0.267E+01
 14.126  0.262E+01  0.262E+01
 14.136  0.257E+01  0.257E+01
 14.146  0.253E+01  0.253E+01
 14.156  0.247E+01  0.247E+01
 14.166  0.240E+01  0.240E+01
 14.176  0.242E+01  0.242E+01
 14.186  0.247E+01  0.247E+01
 14.196  0.253E+01  0.253E+01
 14.206  0.259E+01  0.259E+01
 14.216  0.267E+01  0.267E+01
 14.226  0.278E+01  0.278E+01
 14.236  0.289E+01  0.289E+01
 14.246  0.307E+01  0.307E+01
 14.256  0.309E+01  0.309E+01
 14.266  0.311E+01  0.311E+01
 14.276  0.305E+01  0.305E+01
 14.286  0.317E+01  0.317E+01
 14.296  0.326E+01  0.326E+01
 14.306  0.322E+01  0.322E+01
 14.316  0.320E+01  0.320E+01
 14.326  0.300E+01  0.300E+01
 14.336  0.321E+01  0.321E+01
 14.346  0.325E+01  0.325E+01
 14.356  0.321E+01  0.321E+01
 14.366  0.316E+01  0.316E+01
 14.376  0.348E+01  0.348E+01
 14.386  0.334E+01  0.334E+01
 14.396  0.349E+01  0.349E+01
 14.406  0.357E+01  0.357E+01
 14.416  0.347E+01  0.347E+01
 14.426  0.348E+01  0.348E+01
 14.436  0.354E+01  0.354E+01
 14.446  0.344E+01  0.344E+01
 14.456  0.350E+01  0.350E+01
 14.466  0.350E+01  0.350E+01
 14.476  0.343E+01  0.343E+01
 14.486  0.340E+01  0.340E+01
 14.496  0.323E+01  0.323E+01
 14.506  0.305E+01  0.305E+01
 14.516  0.311E+01  0.311E+01
 14.526  0.303E+01  0.303E+01
 14.536  0.327E+01  0.327E+01
 14.546  0.305E+01  0.305E+01
 14.556  0.317E+01  0.317E+01
 14.566  0.318E+01  0.318E+01
 14.576  0.338E+01  0.338E+01
 14.586  0.348E+01  0.348E+01
 14.596  0.360E+01  0.360E+01
 14.606  0.373E+01  0.373E+01
 14.616  0.381E+01  0.381E+01
 14.626  0.386E+01  0.386E+01
 14.636  0.418E+01  0.418E+01
 14.646  0.442E+01  0.442E+01
 14.656  0.430E+01  0.430E+01
 14.666  0.420E+01  0.420E+01
 14.676  0.421E+01  0.421E+01
 14.686  0.399E+01  0.399E+01
 14.696  0.390E+01  0.390E+01
 14.706  0.364E+01  0.364E+01
 14.716  0.396E+01  0.396E+01
 14.726  0.383E+01  0.383E+01
 14.736  0.391E+01  0.391E+01
 14.746  0.417E+01  0.417E+01
 14.756  0.422E+01  0.422E+01
 14.766  0.423E+01  0.423E+01
 14.776  0.433E+01  0.433E+01
 14.786  0.446E+01  0.446E+01
 14.796  0.457E+01  0.457E+01
 14.806  0.446E+01  0.446E+01
 14.816  0.437E+01  0.437E+01
 14.826  0.456E+01  0.456E+01
 14.836  0.457E+01  0.457E+01
 14.846  0.444E+01  0.444E+01
 14.856  0.469E+01  0.469E+01
 14.866  0.435E+01  0.435E+01
 14.876  0.444E+01  0.444E+01
 14.886  0.425E+01  0.425E+01
 14.896  0.423E+01  0.423E+01
 14.906  0.422E+01  0.422E+01
 14.916  0.406E+01  0.406E+01
 14.926  0.400E+01  0.400E+01
 14.936  0.393E+01  0.393E+01
 14.946  0.390E+01  0.390E+01
 14.956  0.398E+01  0.398E+01
 14.966  0.405E+01  0.405E+01
 14.976  0.415E+01  0.415E+01
 14.986  0.415E+01  0.415E+01
 14.996  0.421E+01  0.421E+01
 15.006  0.428E+01  0.428E+01
 15.016  0.404E+01  0.404E+01
 15.026  0.396E+01  0.396E+01
 15.036  0.362E+01  0.362E+01
 15.046  0.373E+01  0.373E+01
 15.056  0.332E+01  0.332E+01
 15.066  0.333E+01  0.333E+01
 15.076  0.346E+01  0.346E+01
 15.086  0.366E+01  0.366E+01
 15.096  0.371E+01  0.371E+01
 15.106  0.374E+01  0.374E+01
 15.116  0.371E+01  0.371E+01
 15.126  0.370E+01  0.370E+01
 15.136  0.367E+01  0.367E+01
 15.146  0.341E+01  0.341E+01
 15.156  0.350E+01  0.350E+01
 15.166  0.361E+01  0.361E+01
 15.176  0.380E+01  0.380E+01
 15.186  0.363E+01  0.363E+01
 15.196  0.352E+01  0.352E+01
 15.206  0.368E+01  0.368E+01
 15.216  0.356E+01  0.356E+01
 15.226  0.320E+01  0.320E+01
 15.236  0.307E+01  0.307E+01
 15.246  0.374E+01  0.374E+01
 15.256  0.344E+01  0.344E+01
 15.266  0.305E+01  0.305E+01
 15.276  0.367E+01  0.367E+01
 15.286  0.313E+01  0.313E+01
 15.296  0.313E+01  0.313E+01
 15.306  0.315E+01  0.315E+01
 15.316  0.304E+01  0.304E+01
 15.326  0.306E+01  0.306E+01
 15.336  0.340E+01  0.340E+01
 15.346  0.369E+01  0.369E+01
 15.356  0.347E+01  0.347E+01
 15.366  0.335E+01  0.335E+01
 15.376  0.342E+01  0.342E+01
 15.386  0.355E+01  0.355E+01
 15.396  0.362E+01  0.362E+01
 15.406  0.362E+01  0.362E+01
 15.416  0.365E+01  0.365E+01
 15.426  0.387E+01  0.387E+01
 15.436  0.368E+01  0.368E+01
 15.446  0.373E+01  0.373E+01
 15.456  0.361E+01  0.361E+01
 15.466  0.356E+01  0.356E+01
 15.476  0.350E+01  0.350E+01
 15.486  0.346E+01  0.346E+01
 15.496  0.341E+01  0.341E+01
 15.506  0.346E+01  0.346E+01
 15.516  0.349E+01  0.349E+01
 15.526  0.353E+01  0.353E+01
 15.536  0.359E+01  0.359E+01
 15.546  0.368E+01  0.368E+01
 15.556  0.409E+01  0.409E+01
 15.566  0.423E+01  0.423E+01
 15.576  0.426E+01  0.426E+01
 15.586  0.441E+01  0.441E+01
 15.596  0.456E+01  0.456E+01
 15.606  0.449E+01  0.449E+01
 15.616  0.433E+01  0.433E+01
 15.626  0.421E+01  0.421E+01
 15.636  0.416E+01  0.416E+01
 15.646  0.415E+01  0.415E+01
 15.656  0.433E+01  0.433E+01
 15.666  0.406E+01  0.406E+01
 15.676  0.396E+01  0.396E+01
 15.686  0.388E+01  0.388E+01
 15.696  0.378E+01  0.378E+01
 15.706  0.363E+01  0.363E+01
 15.716  0.348E+01  0.348E+01
 15.726  0.331E+01  0.331E+01
 15.736  0.313E+01  0.312E+01
 15.746  0.298E+01  0.298E+01
 15.756  0.289E+01  0.289E+01
 15.766  0.283E+01  0.283E+01
 15.776  0.277E+01  0.277E+01
 15.786  0.271E+01  0.271E+01
 15.796  0.273E+01  0.273E+01
 15.806  0.291E+01  0.291E+01
 15.816  0.299E+01  0.299E+01
 15.826  0.296E+01  0.296E+01
 15.836  0.289E+01  0.289E+01
 15.846  0.280E+01  0.280E+01
 15.856  0.277E+01  0.277E+01
 15.866  0.272E+01  0.272E+01
 15.876  0.269E+01  0.269E+01
 15.886  0.268E+01  0.268E+01
 15.896  0.279E+01  0.279E+01
 15.906  0.295E+01  0.295E+01
 15.916  0.323E+01  0.323E+01
 15.926  0.339E+01  0.339E+01
 15.936  0.279E+01  0.279E+01
 15.946  0.273E+01  0.273E+01
 15.956  0.264E+01  0.264E+01
 15.966  0.277E+01  0.277E+01
 15.976  0.314E+01  0.314E+01
 15.986  0.353E+01  0.353E+01
 15.996  0.355E+01  0.355E+01
 16.006  0.355E+01  0.355E+01
 16.016  0.355E+01  0.355E+01
 16.026  0.354E+01  0.354E+01
 16.036  0.346E+01  0.346E+01
 16.046  0.343E+01  0.343E+01
 16.056  0.328E+01  0.328E+01
 16.066  0.311E+01  0.311E+01
 16.076  0.292E+01  0.292E+01
 16.086  0.293E+01  0.293E+01
 16.096  0.321E+01  0.321E+01
 16.106  0.367E+01  0.367E+01
 16.116  0.414E+01  0.414E+01
 16.126  0.405E+01  0.405E+01
 16.136  0.384E+01  0.384E+01
 16.146  0.366E+01  0.366E+01
 16.156  0.382E+01  0.382E+01
 16.166  0.373E+01  0.373E+01
 16.176  0.392E+01  0.392E+01
 16.186  0.442E+01  0.442E+01
 16.196  0.443E+01  0.443E+01
 16.206  0.458E+01  0.458E+01
 16.216  0.476E+01  0.476E+01
 16.226  0.478E+01  0.478E+01
 16.236  0.461E+01  0.461E+01
 16.246  0.464E+01  0.465E+01
 16.256  0.466E+01  0.466E+01
 16.266  0.456E+01  0.456E+01
 16.276  0.456E+01  0.456E+01
 16.286  0.504E+01  0.504E+01
 16.296  0.485E+01  0.485E+01
 16.306  0.480E+01  0.480E+01
 16.316  0.502E+01  0.502E+01
 16.326  0.532E+01  0.532E+01
 16.336  0.578E+01  0.578E+01
 16.346  0.646E+01  0.646E+01
 16.356  0.669E+01  0.669E+01
 16.366  0.588E+01  0.588E+01
 16.376  0.533E+01  0.533E+01
 16.386  0.537E+01  0.537E+01
 16.396  0.537E+01  0.537E+01
 16.406  0.569E+01  0.569E+01
 16.416  0.613E+01  0.613E+01
 16.426  0.635E+01  0.635E+01
 16.436  0.594E+01  0.594E+01
 16.446  0.636E+01  0.636E+01
 16.456  0.655E+01  0.655E+01
 16.466  0.668E+01  0.668E+01
 16.476  0.659E+01  0.659E+01
 16.486  0.634E+01  0.634E+01
 16.496  0.642E+01  0.642E+01
 16.506  0.679E+01  0.679E+01
 16.516  0.660E+01  0.660E+01
 16.526  0.633E+01  0.633E+01
 16.536  0.634E+01  0.634E+01
 16.546  0.663E+01  0.663E+01
 16.556  0.698E+01  0.698E+01
 16.566  0.720E+01  0.720E+01
 16.576  0.689E+01  0.689E+01
 16.586  0.698E+01  0.698E+01
 16.596  0.752E+01  0.752E+01
 16.606  0.730E+01  0.730E+01
 16.616  0.753E+01  0.753E+01
 16.626  0.752E+01  0.752E+01
 16.636  0.742E+01  0.742E+01
 16.646  0.731E+01  0.731E+01
 16.656  0.788E+01  0.788E+01
 16.666  0.768E+01  0.768E+01
 16.676  0.770E+01  0.770E+01
 16.686  0.757E+01  0.757E+01
 16.696  0.761E+01  0.761E+01
 16.706  0.706E+01  0.706E+01
 16.716  0.675E+01  0.675E+01
 16.726  0.643E+01  0.643E+01
 16.736  0.676E+01  0.676E+01
 16.746  0.613E+01  0.613E+01
 16.756  0.561E+01  0.561E+01
 16.766  0.541E+01  0.541E+01
 16.776  0.422E+01  0.422E+01
 16.786  0.375E+01  0.375E+01
 16.796  0.300E+01  0.300E+01
 16.806  0.325E+01  0.326E+01
 16.816  0.309E+01  0.309E+01
 16.826  0.239E+01  0.240E+01
 16.836  0.250E+01  0.250E+01
 16.846  0.240E+01  0.241E+01
 16.856  0.202E+01  0.202E+01
 16.866  0.183E+01  0.183E+01
 16.876  0.840E+00  0.839E+00
 16.886  0.507E+00  0.507E+00
 16.896  0.329E+00  0.329E+00
 16.906  0.191E+00  0.191E+00
 16.916  0.929E-01  0.928E-01
 16.926  0.333E-01  0.332E-01
 16.936  0.728E-02  0.718E-02
 16.946  0.000E+00  0.000E+00
