# E (eV) pdosup(E)  pdosdw(E) 
 -6.474  0.000E+00  0.000E+00
 -6.464  0.274E+00  0.274E+00
 -6.454  0.878E+00  0.878E+00
 -6.444  0.116E+01  0.116E+01
 -6.434  0.139E+01  0.139E+01
 -6.424  0.170E+01  0.170E+01
 -6.414  0.195E+01  0.195E+01
 -6.404  0.195E+01  0.195E+01
 -6.394  0.194E+01  0.194E+01
 -6.384  0.198E+01  0.198E+01
 -6.374  0.203E+01  0.203E+01
 -6.364  0.220E+01  0.220E+01
 -6.354  0.233E+01  0.233E+01
 -6.344  0.249E+01  0.249E+01
 -6.334  0.266E+01  0.266E+01
 -6.324  0.283E+01  0.283E+01
 -6.314  0.301E+01  0.301E+01
 -6.304  0.320E+01  0.320E+01
 -6.294  0.336E+01  0.336E+01
 -6.284  0.356E+01  0.356E+01
 -6.274  0.431E+01  0.431E+01
 -6.264  0.455E+01  0.455E+01
 -6.254  0.426E+01  0.426E+01
 -6.244  0.404E+01  0.404E+01
 -6.234  0.397E+01  0.397E+01
 -6.224  0.373E+01  0.373E+01
 -6.214  0.392E+01  0.392E+01
 -6.204  0.451E+01  0.451E+01
 -6.194  0.512E+01  0.512E+01
 -6.184  0.637E+01  0.637E+01
 -6.174  0.670E+01  0.670E+01
 -6.164  0.452E+01  0.451E+01
 -6.154  0.334E+01  0.334E+01
 -6.144  0.268E+01  0.268E+01
 -6.134  0.405E+01  0.405E+01
 -6.124  0.437E+01  0.437E+01
 -6.114  0.508E+01  0.509E+01
 -6.104  0.778E+01  0.778E+01
 -6.094  0.697E+01  0.697E+01
 -6.084  0.662E+01  0.662E+01
 -6.074  0.660E+01  0.660E+01
 -6.064  0.802E+01  0.802E+01
 -6.054  0.862E+01  0.862E+01
 -6.044  0.809E+01  0.809E+01
 -6.034  0.692E+01  0.692E+01
 -6.024  0.634E+01  0.634E+01
 -6.014  0.676E+01  0.676E+01
 -6.004  0.769E+01  0.769E+01
 -5.994  0.775E+01  0.775E+01
 -5.984  0.920E+01  0.920E+01
 -5.974  0.898E+01  0.898E+01
 -5.964  0.898E+01  0.898E+01
 -5.954  0.101E+02  0.101E+02
 -5.944  0.105E+02  0.105E+02
 -5.934  0.108E+02  0.108E+02
 -5.924  0.110E+02  0.110E+02
 -5.914  0.110E+02  0.110E+02
 -5.904  0.108E+02  0.108E+02
 -5.894  0.124E+02  0.124E+02
 -5.884  0.134E+02  0.134E+02
 -5.874  0.149E+02  0.149E+02
 -5.864  0.157E+02  0.157E+02
 -5.854  0.142E+02  0.142E+02
 -5.844  0.123E+02  0.123E+02
 -5.834  0.165E+02  0.165E+02
 -5.824  0.158E+02  0.158E+02
 -5.814  0.190E+02  0.190E+02
 -5.804  0.207E+02  0.207E+02
 -5.794  0.196E+02  0.196E+02
 -5.784  0.160E+02  0.160E+02
 -5.774  0.175E+02  0.175E+02
 -5.764  0.240E+02  0.240E+02
 -5.754  0.327E+02  0.327E+02
 -5.744  0.286E+02  0.286E+02
 -5.734  0.266E+02  0.266E+02
 -5.724  0.285E+02  0.285E+02
 -5.714  0.387E+02  0.387E+02
 -5.704  0.412E+02  0.412E+02
 -5.694  0.381E+02  0.381E+02
 -5.684  0.433E+02  0.433E+02
 -5.674  0.667E+02  0.667E+02
 -5.664  0.624E+02  0.624E+02
 -5.654  0.641E+02  0.641E+02
 -5.644  0.584E+02  0.584E+02
 -5.634  0.914E+02  0.914E+02
 -5.624  0.535E+02  0.535E+02
 -5.614  0.617E+02  0.617E+02
 -5.604  0.108E+03  0.107E+03
 -5.594  0.772E+02  0.773E+02
 -5.584  0.816E+02  0.816E+02
 -5.574  0.100E+03  0.100E+03
 -5.564  0.137E+03  0.137E+03
 -5.554  0.105E+03  0.105E+03
 -5.544  0.207E+03  0.207E+03
 -5.534  0.187E+03  0.187E+03
 -5.524  0.358E+02  0.355E+02
 -5.514  0.000E+00  0.000E+00
 -5.504  0.000E+00  0.000E+00
 -5.494  0.242E+03  0.242E+03
 -5.484  0.000E+00  0.000E+00
 -5.474  0.000E+00  0.000E+00
 -5.464  0.000E+00  0.000E+00
 -5.454  0.000E+00  0.000E+00
 -5.444  0.000E+00  0.000E+00
 -5.434  0.000E+00  0.000E+00
 -5.424  0.000E+00  0.000E+00
 -5.414  0.000E+00  0.000E+00
 -5.404  0.000E+00  0.000E+00
 -5.394  0.000E+00  0.000E+00
 -5.384  0.000E+00  0.000E+00
 -5.374  0.000E+00  0.000E+00
 -5.364  0.000E+00  0.000E+00
 -5.354  0.000E+00  0.000E+00
 -5.344  0.000E+00  0.000E+00
 -5.334  0.000E+00  0.000E+00
 -5.324  0.000E+00  0.000E+00
 -5.314  0.000E+00  0.000E+00
 -5.304  0.000E+00  0.000E+00
 -5.294  0.000E+00  0.000E+00
 -5.284  0.000E+00  0.000E+00
 -5.274  0.000E+00  0.000E+00
 -5.264  0.000E+00  0.000E+00
 -5.254  0.000E+00  0.000E+00
 -5.244  0.000E+00  0.000E+00
 -5.234  0.000E+00  0.000E+00
 -5.224  0.000E+00  0.000E+00
 -5.214  0.000E+00  0.000E+00
 -5.204  0.000E+00  0.000E+00
 -5.194  0.000E+00  0.000E+00
 -5.184  0.000E+00  0.000E+00
 -5.174  0.000E+00  0.000E+00
 -5.164  0.000E+00  0.000E+00
 -5.154  0.000E+00  0.000E+00
 -5.144  0.000E+00  0.000E+00
 -5.134  0.000E+00  0.000E+00
 -5.124  0.000E+00  0.000E+00
 -5.114  0.000E+00  0.000E+00
 -5.104  0.000E+00  0.000E+00
 -5.094  0.000E+00  0.000E+00
 -5.084  0.000E+00  0.000E+00
 -5.074  0.000E+00  0.000E+00
 -5.064  0.000E+00  0.000E+00
 -5.054  0.000E+00  0.000E+00
 -5.044  0.000E+00  0.000E+00
 -5.034  0.000E+00  0.000E+00
 -5.024  0.000E+00  0.000E+00
 -5.014  0.000E+00  0.000E+00
 -5.004  0.000E+00  0.000E+00
 -4.994  0.000E+00  0.000E+00
 -4.984  0.000E+00  0.000E+00
 -4.974  0.000E+00  0.000E+00
 -4.964  0.000E+00  0.000E+00
 -4.954  0.000E+00  0.000E+00
 -4.944  0.000E+00  0.000E+00
 -4.934  0.000E+00  0.000E+00
 -4.924  0.000E+00  0.000E+00
 -4.914  0.000E+00  0.000E+00
 -4.904  0.000E+00  0.000E+00
 -4.894  0.000E+00  0.000E+00
 -4.884  0.000E+00  0.000E+00
 -4.874  0.000E+00  0.000E+00
 -4.864  0.000E+00  0.000E+00
 -4.854  0.000E+00  0.000E+00
 -4.844  0.000E+00  0.000E+00
 -4.834  0.000E+00  0.000E+00
 -4.824  0.000E+00  0.000E+00
 -4.814  0.000E+00  0.000E+00
 -4.804  0.000E+00  0.000E+00
 -4.794  0.000E+00  0.000E+00
 -4.784  0.000E+00  0.000E+00
 -4.774  0.000E+00  0.000E+00
 -4.764  0.000E+00  0.000E+00
 -4.754  0.000E+00  0.000E+00
 -4.744  0.000E+00  0.000E+00
 -4.734  0.000E+00  0.000E+00
 -4.724  0.000E+00  0.000E+00
 -4.714  0.000E+00  0.000E+00
 -4.704  0.000E+00  0.000E+00
 -4.694  0.000E+00  0.000E+00
 -4.684  0.000E+00  0.000E+00
 -4.674  0.000E+00  0.000E+00
 -4.664  0.000E+00  0.000E+00
 -4.654  0.000E+00  0.000E+00
 -4.644  0.000E+00  0.000E+00
 -4.634  0.000E+00  0.000E+00
 -4.624  0.000E+00  0.000E+00
 -4.614  0.000E+00  0.000E+00
 -4.604  0.000E+00  0.000E+00
 -4.594  0.000E+00  0.000E+00
 -4.584  0.000E+00  0.000E+00
 -4.574  0.000E+00  0.000E+00
 -4.564  0.000E+00  0.000E+00
 -4.554  0.000E+00  0.000E+00
 -4.544  0.000E+00  0.000E+00
 -4.534  0.000E+00  0.000E+00
 -4.524  0.000E+00  0.000E+00
 -4.514  0.000E+00  0.000E+00
 -4.504  0.000E+00  0.000E+00
 -4.494  0.000E+00  0.000E+00
 -4.484  0.000E+00  0.000E+00
 -4.474  0.000E+00  0.000E+00
 -4.464  0.000E+00  0.000E+00
 -4.454  0.000E+00  0.000E+00
 -4.444  0.000E+00  0.000E+00
 -4.434  0.000E+00  0.000E+00
 -4.424  0.000E+00  0.000E+00
 -4.414  0.000E+00  0.000E+00
 -4.404  0.000E+00  0.000E+00
 -4.394  0.000E+00  0.000E+00
 -4.384  0.000E+00  0.000E+00
 -4.374  0.000E+00  0.000E+00
 -4.364  0.000E+00  0.000E+00
 -4.354  0.000E+00  0.000E+00
 -4.344  0.000E+00  0.000E+00
 -4.334  0.000E+00  0.000E+00
 -4.324  0.000E+00  0.000E+00
 -4.314  0.000E+00  0.000E+00
 -4.304  0.000E+00  0.000E+00
 -4.294  0.000E+00  0.000E+00
 -4.284  0.000E+00  0.000E+00
 -4.274  0.000E+00  0.000E+00
 -4.264  0.000E+00  0.000E+00
 -4.254  0.129E-01  0.129E-01
 -4.244  0.000E+00  0.000E+00
 -4.234  0.000E+00  0.000E+00
 -4.224  0.000E+00  0.000E+00
 -4.214  0.000E+00  0.000E+00
 -4.204  0.982E-02  0.982E-02
 -4.194  0.257E-01  0.257E-01
 -4.184  0.353E-01  0.354E-01
 -4.174  0.593E-01  0.593E-01
 -4.164  0.752E-01  0.752E-01
 -4.154  0.120E+00  0.120E+00
 -4.144  0.156E+00  0.156E+00
 -4.134  0.188E+00  0.188E+00
 -4.124  0.180E+00  0.180E+00
 -4.114  0.269E+00  0.269E+00
 -4.104  0.260E+00  0.260E+00
 -4.094  0.246E+00  0.246E+00
 -4.084  0.253E+00  0.253E+00
 -4.074  0.274E+00  0.274E+00
 -4.064  0.325E+00  0.325E+00
 -4.054  0.342E+00  0.342E+00
 -4.044  0.369E+00  0.369E+00
 -4.034  0.307E+00  0.307E+00
 -4.024  0.408E+00  0.408E+00
 -4.014  0.453E+00  0.453E+00
 -4.004  0.460E+00  0.460E+00
 -3.994  0.423E+00  0.423E+00
 -3.984  0.671E+00  0.671E+00
 -3.974  0.475E+00  0.475E+00
 -3.964  0.479E+00  0.479E+00
 -3.954  0.348E+00  0.348E+00
 -3.944  0.376E+00  0.376E+00
 -3.934  0.239E+00  0.239E+00
 -3.924  0.364E+00  0.364E+00
 -3.914  0.363E+00  0.363E+00
 -3.904  0.518E+00  0.517E+00
 -3.894  0.553E+00  0.553E+00
 -3.884  0.467E+00  0.467E+00
 -3.874  0.380E+00  0.380E+00
 -3.864  0.665E+00  0.665E+00
 -3.854  0.514E+00  0.514E+00
 -3.844  0.291E+00  0.291E+00
 -3.834  0.281E+00  0.281E+00
 -3.824  0.597E+00  0.597E+00
 -3.814  0.758E+00  0.758E+00
 -3.804  0.618E+00  0.618E+00
 -3.794  0.107E+01  0.107E+01
 -3.784  0.744E+00  0.743E+00
 -3.774  0.652E+00  0.652E+00
 -3.764  0.598E+00  0.598E+00
 -3.754  0.619E+00  0.619E+00
 -3.744  0.629E+00  0.630E+00
 -3.734  0.857E+00  0.856E+00
 -3.724  0.520E+00  0.521E+00
 -3.714  0.598E+00  0.598E+00
 -3.704  0.666E+00  0.666E+00
 -3.694  0.816E+00  0.816E+00
 -3.684  0.943E+00  0.943E+00
 -3.674  0.117E+01  0.117E+01
 -3.664  0.113E+01  0.113E+01
 -3.654  0.105E+01  0.105E+01
 -3.644  0.860E+00  0.860E+00
 -3.634  0.744E+00  0.744E+00
 -3.624  0.107E+01  0.107E+01
 -3.614  0.104E+01  0.104E+01
 -3.604  0.980E+00  0.980E+00
 -3.594  0.103E+01  0.103E+01
 -3.584  0.118E+01  0.118E+01
 -3.574  0.118E+01  0.118E+01
 -3.564  0.113E+01  0.113E+01
 -3.554  0.988E+00  0.988E+00
 -3.544  0.107E+01  0.107E+01
 -3.534  0.118E+01  0.118E+01
 -3.524  0.125E+01  0.125E+01
 -3.514  0.126E+01  0.126E+01
 -3.504  0.135E+01  0.135E+01
 -3.494  0.158E+01  0.158E+01
 -3.484  0.170E+01  0.170E+01
 -3.474  0.177E+01  0.177E+01
 -3.464  0.199E+01  0.199E+01
 -3.454  0.171E+01  0.171E+01
 -3.444  0.155E+01  0.155E+01
 -3.434  0.142E+01  0.142E+01
 -3.424  0.133E+01  0.133E+01
 -3.414  0.133E+01  0.133E+01
 -3.404  0.138E+01  0.138E+01
 -3.394  0.166E+01  0.166E+01
 -3.384  0.201E+01  0.201E+01
 -3.374  0.197E+01  0.197E+01
 -3.364  0.194E+01  0.194E+01
 -3.354  0.174E+01  0.174E+01
 -3.344  0.164E+01  0.164E+01
 -3.334  0.162E+01  0.162E+01
 -3.324  0.170E+01  0.170E+01
 -3.314  0.203E+01  0.203E+01
 -3.304  0.222E+01  0.222E+01
 -3.294  0.255E+01  0.255E+01
 -3.284  0.261E+01  0.261E+01
 -3.274  0.242E+01  0.242E+01
 -3.264  0.228E+01  0.228E+01
 -3.254  0.231E+01  0.231E+01
 -3.244  0.248E+01  0.248E+01
 -3.234  0.248E+01  0.248E+01
 -3.224  0.244E+01  0.244E+01
 -3.214  0.243E+01  0.243E+01
 -3.204  0.253E+01  0.253E+01
 -3.194  0.259E+01  0.259E+01
 -3.184  0.250E+01  0.250E+01
 -3.174  0.230E+01  0.230E+01
 -3.164  0.229E+01  0.229E+01
 -3.154  0.236E+01  0.236E+01
 -3.144  0.238E+01  0.238E+01
 -3.134  0.255E+01  0.255E+01
 -3.124  0.337E+01  0.337E+01
 -3.114  0.357E+01  0.357E+01
 -3.104  0.347E+01  0.347E+01
 -3.094  0.345E+01  0.345E+01
 -3.084  0.344E+01  0.344E+01
 -3.074  0.319E+01  0.319E+01
 -3.064  0.306E+01  0.306E+01
 -3.054  0.298E+01  0.298E+01
 -3.044  0.282E+01  0.282E+01
 -3.034  0.314E+01  0.314E+01
 -3.024  0.342E+01  0.342E+01
 -3.014  0.393E+01  0.393E+01
 -3.004  0.417E+01  0.417E+01
 -2.994  0.411E+01  0.411E+01
 -2.984  0.390E+01  0.390E+01
 -2.974  0.387E+01  0.387E+01
 -2.964  0.381E+01  0.381E+01
 -2.954  0.357E+01  0.357E+01
 -2.944  0.361E+01  0.361E+01
 -2.934  0.370E+01  0.370E+01
 -2.924  0.393E+01  0.393E+01
 -2.914  0.422E+01  0.422E+01
 -2.904  0.427E+01  0.427E+01
 -2.894  0.453E+01  0.453E+01
 -2.884  0.509E+01  0.509E+01
 -2.874  0.537E+01  0.537E+01
 -2.864  0.541E+01  0.541E+01
 -2.854  0.558E+01  0.558E+01
 -2.844  0.535E+01  0.535E+01
 -2.834  0.517E+01  0.517E+01
 -2.824  0.536E+01  0.536E+01
 -2.814  0.601E+01  0.601E+01
 -2.804  0.604E+01  0.604E+01
 -2.794  0.592E+01  0.592E+01
 -2.784  0.524E+01  0.524E+01
 -2.774  0.613E+01  0.613E+01
 -2.764  0.600E+01  0.600E+01
 -2.754  0.612E+01  0.612E+01
 -2.744  0.664E+01  0.664E+01
 -2.734  0.675E+01  0.675E+01
 -2.724  0.669E+01  0.669E+01
 -2.714  0.635E+01  0.635E+01
 -2.704  0.563E+01  0.563E+01
 -2.694  0.587E+01  0.587E+01
 -2.684  0.675E+01  0.675E+01
 -2.674  0.844E+01  0.844E+01
 -2.664  0.130E+02  0.130E+02
 -2.654  0.885E+01  0.885E+01
 -2.644  0.838E+01  0.838E+01
 -2.634  0.774E+01  0.774E+01
 -2.624  0.990E+01  0.990E+01
 -2.614  0.980E+01  0.980E+01
 -2.604  0.926E+01  0.926E+01
 -2.594  0.744E+01  0.744E+01
 -2.584  0.702E+01  0.702E+01
 -2.574  0.662E+01  0.662E+01
 -2.564  0.679E+01  0.679E+01
 -2.554  0.685E+01  0.685E+01
 -2.544  0.813E+01  0.813E+01
 -2.534  0.965E+01  0.965E+01
 -2.524  0.101E+02  0.102E+02
 -2.514  0.985E+01  0.985E+01
 -2.504  0.108E+02  0.108E+02
 -2.494  0.100E+02  0.100E+02
 -2.484  0.954E+01  0.954E+01
 -2.474  0.104E+02  0.104E+02
 -2.464  0.106E+02  0.106E+02
 -2.454  0.928E+01  0.928E+01
 -2.444  0.898E+01  0.898E+01
 -2.434  0.883E+01  0.883E+01
 -2.424  0.913E+01  0.913E+01
 -2.414  0.963E+01  0.963E+01
 -2.404  0.107E+02  0.107E+02
 -2.394  0.992E+01  0.992E+01
 -2.384  0.100E+02  0.100E+02
 -2.374  0.106E+02  0.106E+02
 -2.364  0.117E+02  0.117E+02
 -2.354  0.103E+02  0.103E+02
 -2.344  0.105E+02  0.105E+02
 -2.334  0.970E+01  0.970E+01
 -2.324  0.906E+01  0.906E+01
 -2.314  0.132E+02  0.132E+02
 -2.304  0.117E+02  0.117E+02
 -2.294  0.114E+02  0.114E+02
 -2.284  0.120E+02  0.120E+02
 -2.274  0.106E+02  0.106E+02
 -2.264  0.983E+01  0.983E+01
 -2.254  0.113E+02  0.113E+02
 -2.244  0.126E+02  0.126E+02
 -2.234  0.132E+02  0.132E+02
 -2.224  0.147E+02  0.147E+02
 -2.214  0.130E+02  0.130E+02
 -2.204  0.128E+02  0.127E+02
 -2.194  0.131E+02  0.131E+02
 -2.184  0.151E+02  0.151E+02
 -2.174  0.149E+02  0.149E+02
 -2.164  0.133E+02  0.133E+02
 -2.154  0.114E+02  0.114E+02
 -2.144  0.160E+02  0.160E+02
 -2.134  0.159E+02  0.159E+02
 -2.124  0.177E+02  0.177E+02
 -2.114  0.171E+02  0.171E+02
 -2.104  0.140E+02  0.140E+02
 -2.094  0.140E+02  0.140E+02
 -2.084  0.137E+02  0.137E+02
 -2.074  0.131E+02  0.131E+02
 -2.064  0.127E+02  0.127E+02
 -2.054  0.130E+02  0.130E+02
 -2.044  0.101E+02  0.101E+02
 -2.034  0.866E+01  0.866E+01
 -2.024  0.774E+01  0.774E+01
 -2.014  0.674E+01  0.674E+01
 -2.004  0.553E+01  0.553E+01
 -1.994  0.433E+01  0.433E+01
 -1.984  0.329E+01  0.329E+01
 -1.974  0.198E+01  0.198E+01
 -1.964  0.000E+00  0.000E+00
 -1.954  0.000E+00  0.000E+00
 -1.944  0.000E+00  0.000E+00
 -1.934  0.000E+00  0.000E+00
 -1.924  0.000E+00  0.000E+00
 -1.914  0.000E+00  0.000E+00
 -1.904  0.000E+00  0.000E+00
 -1.894  0.000E+00  0.000E+00
 -1.884  0.000E+00  0.000E+00
 -1.874  0.000E+00  0.000E+00
 -1.864  0.000E+00  0.000E+00
 -1.854  0.000E+00  0.000E+00
 -1.844  0.000E+00  0.000E+00
 -1.834  0.000E+00  0.000E+00
 -1.824  0.000E+00  0.000E+00
 -1.814  0.000E+00  0.000E+00
 -1.804  0.000E+00  0.000E+00
 -1.794  0.000E+00  0.000E+00
 -1.784  0.000E+00  0.000E+00
 -1.774  0.000E+00  0.000E+00
 -1.764  0.000E+00  0.000E+00
 -1.754  0.000E+00  0.000E+00
 -1.744  0.000E+00  0.000E+00
 -1.734  0.000E+00  0.000E+00
 -1.724  0.000E+00  0.000E+00
 -1.714  0.000E+00  0.000E+00
 -1.704  0.000E+00  0.000E+00
 -1.694  0.000E+00  0.000E+00
 -1.684  0.000E+00  0.000E+00
 -1.674  0.000E+00  0.000E+00
 -1.664  0.000E+00  0.000E+00
 -1.654  0.000E+00  0.000E+00
 -1.644  0.000E+00  0.000E+00
 -1.634  0.000E+00  0.000E+00
 -1.624  0.000E+00  0.000E+00
 -1.614  0.000E+00  0.000E+00
 -1.604  0.000E+00  0.000E+00
 -1.594  0.000E+00  0.000E+00
 -1.584  0.000E+00  0.000E+00
 -1.574  0.000E+00  0.000E+00
 -1.564  0.000E+00  0.000E+00
 -1.554  0.000E+00  0.000E+00
 -1.544  0.000E+00  0.000E+00
 -1.534  0.000E+00  0.000E+00
 -1.524  0.000E+00  0.000E+00
 -1.514  0.000E+00  0.000E+00
 -1.504  0.000E+00  0.000E+00
 -1.494  0.000E+00  0.000E+00
 -1.484  0.000E+00  0.000E+00
 -1.474  0.000E+00  0.000E+00
 -1.464  0.000E+00  0.000E+00
 -1.454  0.000E+00  0.000E+00
 -1.444  0.000E+00  0.000E+00
 -1.434  0.000E+00  0.000E+00
 -1.424  0.000E+00  0.000E+00
 -1.414  0.000E+00  0.000E+00
 -1.404  0.000E+00  0.000E+00
 -1.394  0.000E+00  0.000E+00
 -1.384  0.000E+00  0.000E+00
 -1.374  0.000E+00  0.000E+00
 -1.364  0.000E+00  0.000E+00
 -1.354  0.000E+00  0.000E+00
 -1.344  0.000E+00  0.000E+00
 -1.334  0.000E+00  0.000E+00
 -1.324  0.000E+00  0.000E+00
 -1.314  0.000E+00  0.000E+00
 -1.304  0.000E+00  0.000E+00
 -1.294  0.000E+00  0.000E+00
 -1.284  0.000E+00  0.000E+00
 -1.274  0.000E+00  0.000E+00
 -1.264  0.000E+00  0.000E+00
 -1.254  0.000E+00  0.000E+00
 -1.244  0.000E+00  0.000E+00
 -1.234  0.000E+00  0.000E+00
 -1.224  0.000E+00  0.000E+00
 -1.214  0.000E+00  0.000E+00
 -1.204  0.000E+00  0.000E+00
 -1.194  0.000E+00  0.000E+00
 -1.184  0.000E+00  0.000E+00
 -1.174  0.000E+00  0.000E+00
 -1.164  0.000E+00  0.000E+00
 -1.154  0.000E+00  0.000E+00
 -1.144  0.000E+00  0.000E+00
 -1.134  0.000E+00  0.000E+00
 -1.124  0.000E+00  0.000E+00
 -1.114  0.000E+00  0.000E+00
 -1.104  0.000E+00  0.000E+00
 -1.094  0.000E+00  0.000E+00
 -1.084  0.000E+00  0.000E+00
 -1.074  0.000E+00  0.000E+00
 -1.064  0.000E+00  0.000E+00
 -1.054  0.000E+00  0.000E+00
 -1.044  0.000E+00  0.000E+00
 -1.034  0.000E+00  0.000E+00
 -1.024  0.000E+00  0.000E+00
 -1.014  0.000E+00  0.000E+00
 -1.004  0.000E+00  0.000E+00
 -0.994  0.000E+00  0.000E+00
 -0.984  0.000E+00  0.000E+00
 -0.974  0.000E+00  0.000E+00
 -0.964  0.000E+00  0.000E+00
 -0.954  0.000E+00  0.000E+00
 -0.944  0.000E+00  0.000E+00
 -0.934  0.000E+00  0.000E+00
 -0.924  0.000E+00  0.000E+00
 -0.914  0.000E+00  0.000E+00
 -0.904  0.000E+00  0.000E+00
 -0.894  0.000E+00  0.000E+00
 -0.884  0.000E+00  0.000E+00
 -0.874  0.000E+00  0.000E+00
 -0.864  0.000E+00  0.000E+00
 -0.854  0.000E+00  0.000E+00
 -0.844  0.000E+00  0.000E+00
 -0.834  0.000E+00  0.000E+00
 -0.824  0.000E+00  0.000E+00
 -0.814  0.000E+00  0.000E+00
 -0.804  0.000E+00  0.000E+00
 -0.794  0.000E+00  0.000E+00
 -0.784  0.000E+00  0.000E+00
 -0.774  0.000E+00  0.000E+00
 -0.764  0.000E+00  0.000E+00
 -0.754  0.000E+00  0.000E+00
 -0.744  0.000E+00  0.000E+00
 -0.734  0.000E+00  0.000E+00
 -0.724  0.000E+00  0.000E+00
 -0.714  0.000E+00  0.000E+00
 -0.704  0.000E+00  0.000E+00
 -0.694  0.000E+00  0.000E+00
 -0.684  0.000E+00  0.000E+00
 -0.674  0.000E+00  0.000E+00
 -0.664  0.000E+00  0.000E+00
 -0.654  0.000E+00  0.000E+00
 -0.644  0.000E+00  0.000E+00
 -0.634  0.000E+00  0.000E+00
 -0.624  0.000E+00  0.000E+00
 -0.614  0.000E+00  0.000E+00
 -0.604  0.000E+00  0.000E+00
 -0.594  0.000E+00  0.000E+00
 -0.584  0.000E+00  0.000E+00
 -0.574  0.000E+00  0.000E+00
 -0.564  0.000E+00  0.000E+00
 -0.554  0.000E+00  0.000E+00
 -0.544  0.000E+00  0.000E+00
 -0.534  0.000E+00  0.000E+00
 -0.524  0.000E+00  0.000E+00
 -0.514  0.000E+00  0.000E+00
 -0.504  0.000E+00  0.000E+00
 -0.494  0.000E+00  0.000E+00
 -0.484  0.000E+00  0.000E+00
 -0.474  0.000E+00  0.000E+00
 -0.464  0.000E+00  0.000E+00
 -0.454  0.000E+00  0.000E+00
 -0.444  0.000E+00  0.000E+00
 -0.434  0.000E+00  0.000E+00
 -0.424  0.000E+00  0.000E+00
 -0.414  0.000E+00  0.000E+00
 -0.404  0.000E+00  0.000E+00
 -0.394  0.000E+00  0.000E+00
 -0.384  0.000E+00  0.000E+00
 -0.374  0.000E+00  0.000E+00
 -0.364  0.000E+00  0.000E+00
 -0.354  0.000E+00  0.000E+00
 -0.344  0.000E+00  0.000E+00
 -0.334  0.000E+00  0.000E+00
 -0.324  0.000E+00  0.000E+00
 -0.314  0.000E+00  0.000E+00
 -0.304  0.000E+00  0.000E+00
 -0.294  0.000E+00  0.000E+00
 -0.284  0.000E+00  0.000E+00
 -0.274  0.000E+00  0.000E+00
 -0.264  0.000E+00  0.000E+00
 -0.254  0.000E+00  0.000E+00
 -0.244  0.000E+00  0.000E+00
 -0.234  0.000E+00  0.000E+00
 -0.224  0.000E+00  0.000E+00
 -0.214  0.000E+00  0.000E+00
 -0.204  0.000E+00  0.000E+00
 -0.194  0.000E+00  0.000E+00
 -0.184  0.000E+00  0.000E+00
 -0.174  0.000E+00  0.000E+00
 -0.164  0.000E+00  0.000E+00
 -0.154  0.000E+00  0.000E+00
 -0.144  0.000E+00  0.000E+00
 -0.134  0.146E+01  0.153E+01
 -0.124  0.480E+01  0.455E+01
 -0.114  0.000E+00  0.000E+00
 -0.104  0.000E+00  0.000E+00
 -0.094  0.000E+00  0.000E+00
 -0.084  0.000E+00  0.000E+00
 -0.074  0.000E+00  0.000E+00
 -0.064  0.000E+00  0.000E+00
 -0.054  0.000E+00  0.000E+00
 -0.044  0.000E+00  0.000E+00
 -0.034  0.000E+00  0.000E+00
 -0.024  0.000E+00  0.000E+00
 -0.014  0.000E+00  0.000E+00
 -0.004  0.000E+00  0.000E+00
  0.006  0.000E+00  0.000E+00
  0.016  0.000E+00  0.000E+00
  0.026  0.000E+00  0.000E+00
  0.036  0.000E+00  0.000E+00
  0.046  0.000E+00  0.000E+00
  0.056  0.000E+00  0.000E+00
  0.066  0.000E+00  0.000E+00
  0.076  0.000E+00  0.000E+00
  0.086  0.000E+00  0.000E+00
  0.096  0.000E+00  0.000E+00
  0.106  0.000E+00  0.000E+00
  0.116  0.000E+00  0.000E+00
  0.126  0.000E+00  0.000E+00
  0.136  0.000E+00  0.000E+00
  0.146  0.000E+00  0.000E+00
  0.156  0.000E+00  0.000E+00
  0.166  0.000E+00  0.000E+00
  0.176  0.000E+00  0.000E+00
  0.186  0.000E+00  0.000E+00
  0.196  0.000E+00  0.000E+00
  0.206  0.000E+00  0.000E+00
  0.216  0.000E+00  0.000E+00
  0.226  0.000E+00  0.000E+00
  0.236  0.000E+00  0.000E+00
  0.246  0.000E+00  0.000E+00
  0.256  0.000E+00  0.000E+00
  0.266  0.000E+00  0.000E+00
  0.276  0.000E+00  0.000E+00
  0.286  0.000E+00  0.000E+00
  0.296  0.000E+00  0.000E+00
  0.306  0.000E+00  0.000E+00
  0.316  0.000E+00  0.000E+00
  0.326  0.000E+00  0.000E+00
  0.336  0.000E+00  0.000E+00
  0.346  0.000E+00  0.000E+00
  0.356  0.000E+00  0.000E+00
  0.366  0.000E+00  0.000E+00
  0.376  0.000E+00  0.000E+00
  0.386  0.000E+00  0.000E+00
  0.396  0.000E+00  0.000E+00
  0.406  0.000E+00  0.000E+00
  0.416  0.000E+00  0.000E+00
  0.426  0.000E+00  0.000E+00
  0.436  0.000E+00  0.000E+00
  0.446  0.000E+00  0.000E+00
  0.456  0.000E+00  0.000E+00
  0.466  0.000E+00  0.000E+00
  0.476  0.000E+00  0.000E+00
  0.486  0.000E+00  0.000E+00
  0.496  0.000E+00  0.000E+00
  0.506  0.000E+00  0.000E+00
  0.516  0.000E+00  0.000E+00
  0.526  0.000E+00  0.000E+00
  0.536  0.000E+00  0.000E+00
  0.546  0.000E+00  0.000E+00
  0.556  0.000E+00  0.000E+00
  0.566  0.000E+00  0.000E+00
  0.576  0.000E+00  0.000E+00
  0.586  0.000E+00  0.000E+00
  0.596  0.000E+00  0.000E+00
  0.606  0.000E+00  0.000E+00
  0.616  0.000E+00  0.000E+00
  0.626  0.000E+00  0.000E+00
  0.636  0.000E+00  0.000E+00
  0.646  0.000E+00  0.000E+00
  0.656  0.000E+00  0.000E+00
  0.666  0.000E+00  0.000E+00
  0.676  0.000E+00  0.000E+00
  0.686  0.000E+00  0.000E+00
  0.696  0.000E+00  0.000E+00
  0.706  0.000E+00  0.000E+00
  0.716  0.000E+00  0.000E+00
  0.726  0.000E+00  0.000E+00
  0.736  0.000E+00  0.000E+00
  0.746  0.000E+00  0.000E+00
  0.756  0.000E+00  0.000E+00
  0.766  0.000E+00  0.000E+00
  0.776  0.000E+00  0.000E+00
  0.786  0.000E+00  0.000E+00
  0.796  0.000E+00  0.000E+00
  0.806  0.000E+00  0.000E+00
  0.816  0.000E+00  0.000E+00
  0.826  0.000E+00  0.000E+00
  0.836  0.000E+00  0.000E+00
  0.846  0.000E+00  0.000E+00
  0.856  0.000E+00  0.000E+00
  0.866  0.000E+00  0.000E+00
  0.876  0.000E+00  0.000E+00
  0.886  0.000E+00  0.000E+00
  0.896  0.000E+00  0.000E+00
  0.906  0.000E+00  0.000E+00
  0.916  0.000E+00  0.000E+00
  0.926  0.000E+00  0.000E+00
  0.936  0.000E+00  0.000E+00
  0.946  0.000E+00  0.000E+00
  0.956  0.000E+00  0.000E+00
  0.966  0.000E+00  0.000E+00
  0.976  0.000E+00  0.000E+00
  0.986  0.000E+00  0.000E+00
  0.996  0.000E+00  0.000E+00
  1.006  0.000E+00  0.000E+00
  1.016  0.000E+00  0.000E+00
  1.026  0.000E+00  0.000E+00
  1.036  0.000E+00  0.000E+00
  1.046  0.000E+00  0.000E+00
  1.056  0.000E+00  0.000E+00
  1.066  0.000E+00  0.000E+00
  1.076  0.000E+00  0.000E+00
  1.086  0.000E+00  0.000E+00
  1.096  0.000E+00  0.000E+00
  1.106  0.000E+00  0.000E+00
  1.116  0.000E+00  0.000E+00
  1.126  0.000E+00  0.000E+00
  1.136  0.000E+00  0.000E+00
  1.146  0.000E+00  0.000E+00
  1.156  0.000E+00  0.000E+00
  1.166  0.000E+00  0.000E+00
  1.176  0.000E+00  0.000E+00
  1.186  0.000E+00  0.000E+00
  1.196  0.000E+00  0.000E+00
  1.206  0.000E+00  0.000E+00
  1.216  0.000E+00  0.000E+00
  1.226  0.000E+00  0.000E+00
  1.236  0.000E+00  0.000E+00
  1.246  0.000E+00  0.000E+00
  1.256  0.000E+00  0.000E+00
  1.266  0.000E+00  0.000E+00
  1.276  0.000E+00  0.000E+00
  1.286  0.000E+00  0.000E+00
  1.296  0.000E+00  0.000E+00
  1.306  0.000E+00  0.000E+00
  1.316  0.000E+00  0.000E+00
  1.326  0.000E+00  0.000E+00
  1.336  0.000E+00  0.000E+00
  1.346  0.000E+00  0.000E+00
  1.356  0.000E+00  0.000E+00
  1.366  0.000E+00  0.000E+00
  1.376  0.000E+00  0.000E+00
  1.386  0.000E+00  0.000E+00
  1.396  0.000E+00  0.000E+00
  1.406  0.000E+00  0.000E+00
  1.416  0.000E+00  0.000E+00
  1.426  0.000E+00  0.000E+00
  1.436  0.000E+00  0.000E+00
  1.446  0.000E+00  0.000E+00
  1.456  0.000E+00  0.000E+00
  1.466  0.000E+00  0.000E+00
  1.476  0.000E+00  0.000E+00
  1.486  0.000E+00  0.000E+00
  1.496  0.000E+00  0.000E+00
  1.506  0.000E+00  0.000E+00
  1.516  0.000E+00  0.000E+00
  1.526  0.000E+00  0.000E+00
  1.536  0.000E+00  0.000E+00
  1.546  0.000E+00  0.000E+00
  1.556  0.000E+00  0.000E+00
  1.566  0.000E+00  0.000E+00
  1.576  0.000E+00  0.000E+00
  1.586  0.000E+00  0.000E+00
  1.596  0.000E+00  0.000E+00
  1.606  0.000E+00  0.000E+00
  1.616  0.000E+00  0.000E+00
  1.626  0.000E+00  0.000E+00
  1.636  0.000E+00  0.000E+00
  1.646  0.000E+00  0.000E+00
  1.656  0.000E+00  0.000E+00
  1.666  0.000E+00  0.000E+00
  1.676  0.000E+00  0.000E+00
  1.686  0.000E+00  0.000E+00
  1.696  0.000E+00  0.000E+00
  1.706  0.000E+00  0.000E+00
  1.716  0.000E+00  0.000E+00
  1.726  0.000E+00  0.000E+00
  1.736  0.000E+00  0.000E+00
  1.746  0.000E+00  0.000E+00
  1.756  0.000E+00  0.000E+00
  1.766  0.000E+00  0.000E+00
  1.776  0.000E+00  0.000E+00
  1.786  0.000E+00  0.000E+00
  1.796  0.000E+00  0.000E+00
  1.806  0.000E+00  0.000E+00
  1.816  0.000E+00  0.000E+00
  1.826  0.000E+00  0.000E+00
  1.836  0.000E+00  0.000E+00
  1.846  0.000E+00  0.000E+00
  1.856  0.000E+00  0.000E+00
  1.866  0.000E+00  0.000E+00
  1.876  0.000E+00  0.000E+00
  1.886  0.000E+00  0.000E+00
  1.896  0.000E+00  0.000E+00
  1.906  0.000E+00  0.000E+00
  1.916  0.000E+00  0.000E+00
  1.926  0.000E+00  0.000E+00
  1.936  0.000E+00  0.000E+00
  1.946  0.000E+00  0.000E+00
  1.956  0.000E+00  0.000E+00
  1.966  0.000E+00  0.000E+00
  1.976  0.000E+00  0.000E+00
  1.986  0.000E+00  0.000E+00
  1.996  0.000E+00  0.000E+00
  2.006  0.000E+00  0.000E+00
  2.016  0.000E+00  0.000E+00
  2.026  0.000E+00  0.000E+00
  2.036  0.000E+00  0.000E+00
  2.046  0.000E+00  0.000E+00
  2.056  0.000E+00  0.000E+00
  2.066  0.000E+00  0.000E+00
  2.076  0.000E+00  0.000E+00
  2.086  0.000E+00  0.000E+00
  2.096  0.000E+00  0.000E+00
  2.106  0.000E+00  0.000E+00
  2.116  0.000E+00  0.000E+00
  2.126  0.000E+00  0.000E+00
  2.136  0.000E+00  0.000E+00
  2.146  0.000E+00  0.000E+00
  2.156  0.000E+00  0.000E+00
  2.166  0.000E+00  0.000E+00
  2.176  0.000E+00  0.000E+00
  2.186  0.000E+00  0.000E+00
  2.196  0.000E+00  0.000E+00
  2.206  0.000E+00  0.000E+00
  2.216  0.000E+00  0.000E+00
  2.226  0.000E+00  0.000E+00
  2.236  0.000E+00  0.000E+00
  2.246  0.000E+00  0.000E+00
  2.256  0.000E+00  0.000E+00
  2.266  0.000E+00  0.000E+00
  2.276  0.000E+00  0.000E+00
  2.286  0.000E+00  0.000E+00
  2.296  0.000E+00  0.000E+00
  2.306  0.000E+00  0.000E+00
  2.316  0.000E+00  0.000E+00
  2.326  0.000E+00  0.000E+00
  2.336  0.000E+00  0.000E+00
  2.346  0.000E+00  0.000E+00
  2.356  0.000E+00  0.000E+00
  2.366  0.000E+00  0.000E+00
  2.376  0.000E+00  0.000E+00
  2.386  0.000E+00  0.000E+00
  2.396  0.521E-05  0.521E-05
  2.406  0.853E-04  0.853E-04
  2.416  0.313E-03  0.313E-03
  2.426  0.605E-03  0.605E-03
  2.436  0.985E-03  0.985E-03
  2.446  0.146E-02  0.146E-02
  2.456  0.203E-02  0.203E-02
  2.466  0.271E-02  0.271E-02
  2.476  0.349E-02  0.349E-02
  2.486  0.436E-02  0.436E-02
  2.496  0.532E-02  0.532E-02
  2.506  0.637E-02  0.637E-02
  2.516  0.753E-02  0.753E-02
  2.526  0.855E-02  0.855E-02
  2.536  0.907E-02  0.907E-02
  2.546  0.954E-02  0.954E-02
  2.556  0.102E-01  0.102E-01
  2.566  0.109E-01  0.109E-01
  2.576  0.116E-01  0.116E-01
  2.586  0.122E-01  0.122E-01
  2.596  0.130E-01  0.130E-01
  2.606  0.138E-01  0.138E-01
  2.616  0.148E-01  0.148E-01
  2.626  0.159E-01  0.159E-01
  2.636  0.171E-01  0.171E-01
  2.646  0.185E-01  0.185E-01
  2.656  0.200E-01  0.200E-01
  2.666  0.217E-01  0.217E-01
  2.676  0.243E-01  0.243E-01
  2.686  0.291E-01  0.291E-01
  2.696  0.356E-01  0.356E-01
  2.706  0.421E-01  0.421E-01
  2.716  0.471E-01  0.471E-01
  2.726  0.523E-01  0.523E-01
  2.736  0.591E-01  0.591E-01
  2.746  0.679E-01  0.679E-01
  2.756  0.770E-01  0.770E-01
  2.766  0.863E-01  0.863E-01
  2.776  0.947E-01  0.947E-01
  2.786  0.104E+00  0.104E+00
  2.796  0.114E+00  0.114E+00
  2.806  0.129E+00  0.129E+00
  2.816  0.141E+00  0.141E+00
  2.826  0.144E+00  0.144E+00
  2.836  0.142E+00  0.142E+00
  2.846  0.144E+00  0.144E+00
  2.856  0.147E+00  0.147E+00
  2.866  0.156E+00  0.156E+00
  2.876  0.166E+00  0.166E+00
  2.886  0.179E+00  0.179E+00
  2.896  0.192E+00  0.192E+00
  2.906  0.206E+00  0.206E+00
  2.916  0.228E+00  0.228E+00
  2.926  0.248E+00  0.248E+00
  2.936  0.253E+00  0.253E+00
  2.946  0.269E+00  0.269E+00
  2.956  0.248E+00  0.248E+00
  2.966  0.267E+00  0.267E+00
  2.976  0.288E+00  0.288E+00
  2.986  0.316E+00  0.316E+00
  2.996  0.342E+00  0.342E+00
  3.006  0.347E+00  0.347E+00
  3.016  0.354E+00  0.354E+00
  3.026  0.381E+00  0.381E+00
  3.036  0.399E+00  0.399E+00
  3.046  0.388E+00  0.388E+00
  3.056  0.378E+00  0.378E+00
  3.066  0.370E+00  0.370E+00
  3.076  0.384E+00  0.384E+00
  3.086  0.394E+00  0.394E+00
  3.096  0.403E+00  0.403E+00
  3.106  0.417E+00  0.417E+00
  3.116  0.428E+00  0.428E+00
  3.126  0.443E+00  0.443E+00
  3.136  0.477E+00  0.477E+00
  3.146  0.513E+00  0.513E+00
  3.156  0.542E+00  0.543E+00
  3.166  0.567E+00  0.567E+00
  3.176  0.571E+00  0.571E+00
  3.186  0.566E+00  0.566E+00
  3.196  0.551E+00  0.551E+00
  3.206  0.539E+00  0.539E+00
  3.216  0.520E+00  0.520E+00
  3.226  0.534E+00  0.534E+00
  3.236  0.496E+00  0.496E+00
  3.246  0.506E+00  0.506E+00
  3.256  0.548E+00  0.548E+00
  3.266  0.591E+00  0.591E+00
  3.276  0.602E+00  0.602E+00
  3.286  0.610E+00  0.610E+00
  3.296  0.610E+00  0.610E+00
  3.306  0.633E+00  0.633E+00
  3.316  0.682E+00  0.682E+00
  3.326  0.727E+00  0.727E+00
  3.336  0.791E+00  0.791E+00
  3.346  0.816E+00  0.816E+00
  3.356  0.857E+00  0.857E+00
  3.366  0.887E+00  0.887E+00
  3.376  0.855E+00  0.855E+00
  3.386  0.914E+00  0.914E+00
  3.396  0.945E+00  0.945E+00
  3.406  0.986E+00  0.986E+00
  3.416  0.100E+01  0.100E+01
  3.426  0.101E+01  0.101E+01
  3.436  0.107E+01  0.107E+01
  3.446  0.108E+01  0.108E+01
  3.456  0.109E+01  0.109E+01
  3.466  0.990E+00  0.990E+00
  3.476  0.101E+01  0.101E+01
  3.486  0.110E+01  0.110E+01
  3.496  0.113E+01  0.113E+01
  3.506  0.101E+01  0.101E+01
  3.516  0.104E+01  0.104E+01
  3.526  0.114E+01  0.114E+01
  3.536  0.114E+01  0.114E+01
  3.546  0.111E+01  0.111E+01
  3.556  0.114E+01  0.114E+01
  3.566  0.123E+01  0.123E+01
  3.576  0.131E+01  0.131E+01
  3.586  0.113E+01  0.113E+01
  3.596  0.106E+01  0.106E+01
  3.606  0.918E+00  0.918E+00
  3.616  0.885E+00  0.885E+00
  3.626  0.973E+00  0.974E+00
  3.636  0.105E+01  0.105E+01
  3.646  0.106E+01  0.106E+01
  3.656  0.977E+00  0.976E+00
  3.666  0.100E+01  0.100E+01
  3.676  0.111E+01  0.111E+01
  3.686  0.107E+01  0.107E+01
  3.696  0.115E+01  0.115E+01
  3.706  0.125E+01  0.125E+01
  3.716  0.125E+01  0.125E+01
  3.726  0.121E+01  0.121E+01
  3.736  0.114E+01  0.114E+01
  3.746  0.119E+01  0.119E+01
  3.756  0.120E+01  0.120E+01
  3.766  0.119E+01  0.119E+01
  3.776  0.116E+01  0.116E+01
  3.786  0.113E+01  0.113E+01
  3.796  0.112E+01  0.112E+01
  3.806  0.110E+01  0.110E+01
  3.816  0.101E+01  0.101E+01
  3.826  0.974E+00  0.974E+00
  3.836  0.966E+00  0.966E+00
  3.846  0.912E+00  0.912E+00
  3.856  0.964E+00  0.964E+00
  3.866  0.101E+01  0.101E+01
  3.876  0.104E+01  0.104E+01
  3.886  0.101E+01  0.101E+01
  3.896  0.970E+00  0.970E+00
  3.906  0.989E+00  0.989E+00
  3.916  0.108E+01  0.108E+01
  3.926  0.120E+01  0.120E+01
  3.936  0.133E+01  0.133E+01
  3.946  0.145E+01  0.145E+01
  3.956  0.146E+01  0.146E+01
  3.966  0.144E+01  0.144E+01
  3.976  0.140E+01  0.140E+01
  3.986  0.150E+01  0.150E+01
  3.996  0.147E+01  0.147E+01
  4.006  0.143E+01  0.143E+01
  4.016  0.140E+01  0.140E+01
  4.026  0.160E+01  0.160E+01
  4.036  0.157E+01  0.157E+01
  4.046  0.155E+01  0.155E+01
  4.056  0.145E+01  0.145E+01
  4.066  0.147E+01  0.147E+01
  4.076  0.149E+01  0.149E+01
  4.086  0.149E+01  0.149E+01
  4.096  0.148E+01  0.148E+01
  4.106  0.146E+01  0.146E+01
  4.116  0.184E+01  0.184E+01
  4.126  0.233E+01  0.233E+01
  4.136  0.189E+01  0.189E+01
  4.146  0.163E+01  0.163E+01
  4.156  0.169E+01  0.169E+01
  4.166  0.156E+01  0.156E+01
  4.176  0.154E+01  0.154E+01
  4.186  0.194E+01  0.194E+01
  4.196  0.179E+01  0.179E+01
  4.206  0.163E+01  0.163E+01
  4.216  0.150E+01  0.150E+01
  4.226  0.145E+01  0.145E+01
  4.236  0.150E+01  0.150E+01
  4.246  0.155E+01  0.155E+01
  4.256  0.139E+01  0.139E+01
  4.266  0.115E+01  0.115E+01
  4.276  0.110E+01  0.110E+01
  4.286  0.106E+01  0.106E+01
  4.296  0.105E+01  0.105E+01
  4.306  0.105E+01  0.105E+01
  4.316  0.105E+01  0.105E+01
  4.326  0.105E+01  0.105E+01
  4.336  0.983E+00  0.983E+00
  4.346  0.954E+00  0.954E+00
  4.356  0.954E+00  0.954E+00
  4.366  0.972E+00  0.972E+00
  4.376  0.102E+01  0.102E+01
  4.386  0.110E+01  0.110E+01
  4.396  0.128E+01  0.128E+01
  4.406  0.131E+01  0.131E+01
  4.416  0.141E+01  0.141E+01
  4.426  0.144E+01  0.144E+01
  4.436  0.148E+01  0.148E+01
  4.446  0.140E+01  0.140E+01
  4.456  0.127E+01  0.127E+01
  4.466  0.121E+01  0.121E+01
  4.476  0.118E+01  0.118E+01
  4.486  0.118E+01  0.118E+01
  4.496  0.115E+01  0.115E+01
  4.506  0.113E+01  0.113E+01
  4.516  0.109E+01  0.109E+01
  4.526  0.109E+01  0.109E+01
  4.536  0.108E+01  0.108E+01
  4.546  0.108E+01  0.108E+01
  4.556  0.106E+01  0.106E+01
  4.566  0.107E+01  0.107E+01
  4.576  0.110E+01  0.110E+01
  4.586  0.113E+01  0.113E+01
  4.596  0.113E+01  0.113E+01
  4.606  0.128E+01  0.128E+01
  4.616  0.117E+01  0.117E+01
  4.626  0.118E+01  0.118E+01
  4.636  0.117E+01  0.117E+01
  4.646  0.120E+01  0.120E+01
  4.656  0.121E+01  0.121E+01
  4.666  0.121E+01  0.121E+01
  4.676  0.124E+01  0.124E+01
  4.686  0.126E+01  0.126E+01
  4.696  0.120E+01  0.120E+01
  4.706  0.118E+01  0.118E+01
  4.716  0.117E+01  0.117E+01
  4.726  0.116E+01  0.116E+01
  4.736  0.113E+01  0.113E+01
  4.746  0.109E+01  0.109E+01
  4.756  0.104E+01  0.104E+01
  4.766  0.101E+01  0.101E+01
  4.776  0.100E+01  0.100E+01
  4.786  0.992E+00  0.992E+00
  4.796  0.985E+00  0.985E+00
  4.806  0.980E+00  0.980E+00
  4.816  0.978E+00  0.978E+00
  4.826  0.981E+00  0.981E+00
  4.836  0.996E+00  0.996E+00
  4.846  0.102E+01  0.102E+01
  4.856  0.105E+01  0.105E+01
  4.866  0.112E+01  0.112E+01
  4.876  0.989E+00  0.989E+00
  4.886  0.972E+00  0.972E+00
  4.896  0.948E+00  0.948E+00
  4.906  0.924E+00  0.924E+00
  4.916  0.906E+00  0.906E+00
  4.926  0.886E+00  0.886E+00
  4.936  0.865E+00  0.865E+00
  4.946  0.846E+00  0.846E+00
  4.956  0.830E+00  0.830E+00
  4.966  0.812E+00  0.812E+00
  4.976  0.797E+00  0.797E+00
  4.986  0.782E+00  0.782E+00
  4.996  0.769E+00  0.769E+00
  5.006  0.757E+00  0.757E+00
  5.016  0.746E+00  0.746E+00
  5.026  0.738E+00  0.738E+00
  5.036  0.731E+00  0.731E+00
  5.046  0.724E+00  0.724E+00
  5.056  0.722E+00  0.722E+00
  5.066  0.724E+00  0.724E+00
  5.076  0.713E+00  0.713E+00
  5.086  0.700E+00  0.700E+00
  5.096  0.678E+00  0.678E+00
  5.106  0.698E+00  0.698E+00
  5.116  0.729E+00  0.729E+00
  5.126  0.767E+00  0.767E+00
  5.136  0.818E+00  0.818E+00
  5.146  0.893E+00  0.893E+00
  5.156  0.891E+00  0.891E+00
  5.166  0.871E+00  0.871E+00
  5.176  0.866E+00  0.866E+00
  5.186  0.868E+00  0.868E+00
  5.196  0.862E+00  0.862E+00
  5.206  0.847E+00  0.847E+00
  5.216  0.844E+00  0.844E+00
  5.226  0.863E+00  0.863E+00
  5.236  0.784E+00  0.784E+00
  5.246  0.807E+00  0.807E+00
  5.256  0.856E+00  0.856E+00
  5.266  0.932E+00  0.932E+00
  5.276  0.929E+00  0.929E+00
  5.286  0.938E+00  0.938E+00
  5.296  0.967E+00  0.967E+00
  5.306  0.101E+01  0.101E+01
  5.316  0.103E+01  0.103E+01
  5.326  0.104E+01  0.104E+01
  5.336  0.103E+01  0.103E+01
  5.346  0.101E+01  0.101E+01
  5.356  0.929E+00  0.929E+00
  5.366  0.910E+00  0.909E+00
  5.376  0.912E+00  0.912E+00
  5.386  0.921E+00  0.921E+00
  5.396  0.908E+00  0.908E+00
  5.406  0.864E+00  0.864E+00
  5.416  0.921E+00  0.921E+00
  5.426  0.831E+00  0.831E+00
  5.436  0.815E+00  0.815E+00
  5.446  0.802E+00  0.802E+00
  5.456  0.805E+00  0.805E+00
  5.466  0.804E+00  0.804E+00
  5.476  0.799E+00  0.799E+00
  5.486  0.808E+00  0.808E+00
  5.496  0.826E+00  0.826E+00
  5.506  0.814E+00  0.814E+00
  5.516  0.797E+00  0.797E+00
  5.526  0.791E+00  0.791E+00
  5.536  0.805E+00  0.805E+00
  5.546  0.818E+00  0.818E+00
  5.556  0.827E+00  0.827E+00
  5.566  0.835E+00  0.835E+00
  5.576  0.842E+00  0.842E+00
  5.586  0.844E+00  0.844E+00
  5.596  0.839E+00  0.839E+00
  5.606  0.835E+00  0.835E+00
  5.616  0.840E+00  0.840E+00
  5.626  0.837E+00  0.837E+00
  5.636  0.848E+00  0.848E+00
  5.646  0.853E+00  0.853E+00
  5.656  0.861E+00  0.862E+00
  5.666  0.870E+00  0.870E+00
  5.676  0.876E+00  0.876E+00
  5.686  0.876E+00  0.876E+00
  5.696  0.864E+00  0.864E+00
  5.706  0.849E+00  0.849E+00
  5.716  0.835E+00  0.835E+00
  5.726  0.823E+00  0.823E+00
  5.736  0.823E+00  0.823E+00
  5.746  0.864E+00  0.864E+00
  5.756  0.818E+00  0.818E+00
  5.766  0.762E+00  0.762E+00
  5.776  0.753E+00  0.753E+00
  5.786  0.729E+00  0.729E+00
  5.796  0.703E+00  0.703E+00
  5.806  0.675E+00  0.675E+00
  5.816  0.643E+00  0.643E+00
  5.826  0.624E+00  0.624E+00
  5.836  0.616E+00  0.616E+00
  5.846  0.601E+00  0.601E+00
  5.856  0.577E+00  0.577E+00
  5.866  0.559E+00  0.559E+00
  5.876  0.540E+00  0.540E+00
  5.886  0.524E+00  0.524E+00
  5.896  0.510E+00  0.510E+00
  5.906  0.512E+00  0.512E+00
  5.916  0.529E+00  0.529E+00
  5.926  0.553E+00  0.553E+00
  5.936  0.578E+00  0.578E+00
  5.946  0.603E+00  0.603E+00
  5.956  0.626E+00  0.626E+00
  5.966  0.657E+00  0.657E+00
  5.976  0.697E+00  0.697E+00
  5.986  0.687E+00  0.687E+00
  5.996  0.633E+00  0.633E+00
  6.006  0.642E+00  0.642E+00
  6.016  0.656E+00  0.656E+00
  6.026  0.662E+00  0.662E+00
  6.036  0.677E+00  0.677E+00
  6.046  0.704E+00  0.704E+00
  6.056  0.744E+00  0.744E+00
  6.066  0.782E+00  0.782E+00
  6.076  0.843E+00  0.843E+00
  6.086  0.929E+00  0.929E+00
  6.096  0.947E+00  0.946E+00
  6.106  0.947E+00  0.948E+00
  6.116  0.959E+00  0.959E+00
  6.126  0.990E+00  0.990E+00
  6.136  0.969E+00  0.969E+00
  6.146  0.949E+00  0.949E+00
  6.156  0.928E+00  0.928E+00
  6.166  0.918E+00  0.918E+00
  6.176  0.905E+00  0.905E+00
  6.186  0.909E+00  0.909E+00
  6.196  0.899E+00  0.899E+00
  6.206  0.844E+00  0.844E+00
  6.216  0.818E+00  0.818E+00
  6.226  0.755E+00  0.755E+00
  6.236  0.690E+00  0.690E+00
  6.246  0.645E+00  0.645E+00
  6.256  0.603E+00  0.603E+00
  6.266  0.579E+00  0.579E+00
  6.276  0.553E+00  0.553E+00
  6.286  0.534E+00  0.534E+00
  6.296  0.509E+00  0.509E+00
  6.306  0.529E+00  0.529E+00
  6.316  0.493E+00  0.493E+00
  6.326  0.445E+00  0.445E+00
  6.336  0.369E+00  0.369E+00
  6.346  0.352E+00  0.352E+00
  6.356  0.363E+00  0.363E+00
  6.366  0.352E+00  0.352E+00
  6.376  0.336E+00  0.336E+00
  6.386  0.384E+00  0.384E+00
  6.396  0.450E+00  0.450E+00
  6.406  0.498E+00  0.498E+00
  6.416  0.602E+00  0.602E+00
  6.426  0.654E+00  0.654E+00
  6.436  0.641E+00  0.641E+00
  6.446  0.630E+00  0.630E+00
  6.456  0.591E+00  0.591E+00
  6.466  0.567E+00  0.567E+00
  6.476  0.575E+00  0.575E+00
  6.486  0.601E+00  0.601E+00
  6.496  0.623E+00  0.623E+00
  6.506  0.649E+00  0.649E+00
  6.516  0.663E+00  0.663E+00
  6.526  0.679E+00  0.679E+00
  6.536  0.682E+00  0.682E+00
  6.546  0.692E+00  0.692E+00
  6.556  0.649E+00  0.649E+00
  6.566  0.645E+00  0.644E+00
  6.576  0.818E+00  0.818E+00
  6.586  0.646E+00  0.646E+00
  6.596  0.524E+00  0.525E+00
  6.606  0.502E+00  0.502E+00
  6.616  0.544E+00  0.544E+00
  6.626  0.521E+00  0.521E+00
  6.636  0.785E+00  0.785E+00
  6.646  0.573E+00  0.573E+00
  6.656  0.596E+00  0.596E+00
  6.666  0.558E+00  0.558E+00
  6.676  0.559E+00  0.559E+00
  6.686  0.540E+00  0.540E+00
  6.696  0.540E+00  0.540E+00
  6.706  0.540E+00  0.540E+00
  6.716  0.562E+00  0.562E+00
  6.726  0.580E+00  0.580E+00
  6.736  0.560E+00  0.560E+00
  6.746  0.551E+00  0.551E+00
  6.756  0.501E+00  0.501E+00
  6.766  0.434E+00  0.434E+00
  6.776  0.397E+00  0.397E+00
  6.786  0.368E+00  0.368E+00
  6.796  0.349E+00  0.349E+00
  6.806  0.419E+00  0.419E+00
  6.816  0.432E+00  0.432E+00
  6.826  0.415E+00  0.415E+00
  6.836  0.410E+00  0.410E+00
  6.846  0.435E+00  0.435E+00
  6.856  0.472E+00  0.472E+00
  6.866  0.521E+00  0.521E+00
  6.876  0.605E+00  0.605E+00
  6.886  0.676E+00  0.676E+00
  6.896  0.747E+00  0.747E+00
  6.906  0.798E+00  0.798E+00
  6.916  0.742E+00  0.742E+00
  6.926  0.662E+00  0.662E+00
  6.936  0.579E+00  0.579E+00
  6.946  0.555E+00  0.555E+00
  6.956  0.546E+00  0.546E+00
  6.966  0.572E+00  0.572E+00
  6.976  0.584E+00  0.584E+00
  6.986  0.616E+00  0.616E+00
  6.996  0.536E+00  0.536E+00
  7.006  0.509E+00  0.509E+00
  7.016  0.502E+00  0.502E+00
  7.026  0.497E+00  0.497E+00
  7.036  0.487E+00  0.487E+00
  7.046  0.491E+00  0.491E+00
  7.056  0.488E+00  0.488E+00
  7.066  0.486E+00  0.486E+00
  7.076  0.478E+00  0.478E+00
  7.086  0.470E+00  0.470E+00
  7.096  0.420E+00  0.420E+00
  7.106  0.389E+00  0.389E+00
  7.116  0.372E+00  0.372E+00
  7.126  0.363E+00  0.363E+00
  7.136  0.363E+00  0.363E+00
  7.146  0.373E+00  0.373E+00
  7.156  0.394E+00  0.394E+00
  7.166  0.417E+00  0.417E+00
  7.176  0.444E+00  0.444E+00
  7.186  0.470E+00  0.470E+00
  7.196  0.501E+00  0.501E+00
  7.206  0.508E+00  0.508E+00
  7.216  0.484E+00  0.484E+00
  7.226  0.445E+00  0.445E+00
  7.236  0.438E+00  0.438E+00
  7.246  0.436E+00  0.436E+00
  7.256  0.434E+00  0.434E+00
  7.266  0.441E+00  0.441E+00
  7.276  0.454E+00  0.454E+00
  7.286  0.471E+00  0.471E+00
  7.296  0.481E+00  0.481E+00
  7.306  0.493E+00  0.493E+00
  7.316  0.507E+00  0.507E+00
  7.326  0.516E+00  0.516E+00
  7.336  0.513E+00  0.513E+00
  7.346  0.497E+00  0.497E+00
  7.356  0.470E+00  0.470E+00
  7.366  0.404E+00  0.404E+00
  7.376  0.366E+00  0.366E+00
  7.386  0.341E+00  0.341E+00
  7.396  0.318E+00  0.318E+00
  7.406  0.289E+00  0.289E+00
  7.416  0.286E+00  0.286E+00
  7.426  0.317E+00  0.317E+00
  7.436  0.324E+00  0.324E+00
  7.446  0.326E+00  0.326E+00
  7.456  0.341E+00  0.341E+00
  7.466  0.345E+00  0.345E+00
  7.476  0.353E+00  0.353E+00
  7.486  0.401E+00  0.401E+00
  7.496  0.474E+00  0.474E+00
  7.506  0.491E+00  0.491E+00
  7.516  0.433E+00  0.433E+00
  7.526  0.402E+00  0.402E+00
  7.536  0.431E+00  0.431E+00
  7.546  0.413E+00  0.413E+00
  7.556  0.488E+00  0.488E+00
  7.566  0.603E+00  0.603E+00
  7.576  0.486E+00  0.485E+00
  7.586  0.444E+00  0.444E+00
  7.596  0.474E+00  0.474E+00
  7.606  0.440E+00  0.440E+00
  7.616  0.370E+00  0.370E+00
  7.626  0.367E+00  0.367E+00
  7.636  0.367E+00  0.367E+00
  7.646  0.342E+00  0.342E+00
  7.656  0.332E+00  0.332E+00
  7.666  0.324E+00  0.324E+00
  7.676  0.314E+00  0.314E+00
  7.686  0.311E+00  0.311E+00
  7.696  0.318E+00  0.318E+00
  7.706  0.309E+00  0.309E+00
  7.716  0.312E+00  0.312E+00
  7.726  0.316E+00  0.316E+00
  7.736  0.304E+00  0.304E+00
  7.746  0.290E+00  0.290E+00
  7.756  0.285E+00  0.285E+00
  7.766  0.299E+00  0.299E+00
  7.776  0.328E+00  0.328E+00
  7.786  0.343E+00  0.343E+00
  7.796  0.342E+00  0.342E+00
  7.806  0.343E+00  0.343E+00
  7.816  0.339E+00  0.339E+00
  7.826  0.308E+00  0.308E+00
  7.836  0.288E+00  0.288E+00
  7.846  0.262E+00  0.262E+00
  7.856  0.249E+00  0.249E+00
  7.866  0.227E+00  0.227E+00
  7.876  0.218E+00  0.218E+00
  7.886  0.213E+00  0.213E+00
  7.896  0.214E+00  0.214E+00
  7.906  0.220E+00  0.220E+00
  7.916  0.225E+00  0.225E+00
  7.926  0.231E+00  0.231E+00
  7.936  0.236E+00  0.236E+00
  7.946  0.241E+00  0.241E+00
  7.956  0.243E+00  0.243E+00
  7.966  0.245E+00  0.245E+00
  7.976  0.251E+00  0.251E+00
  7.986  0.253E+00  0.253E+00
  7.996  0.254E+00  0.254E+00
  8.006  0.259E+00  0.259E+00
  8.016  0.265E+00  0.265E+00
  8.026  0.250E+00  0.250E+00
  8.036  0.240E+00  0.240E+00
  8.046  0.233E+00  0.233E+00
  8.056  0.218E+00  0.218E+00
  8.066  0.213E+00  0.213E+00
  8.076  0.205E+00  0.205E+00
  8.086  0.204E+00  0.204E+00
  8.096  0.204E+00  0.204E+00
  8.106  0.206E+00  0.206E+00
  8.116  0.209E+00  0.209E+00
  8.126  0.214E+00  0.214E+00
  8.136  0.227E+00  0.227E+00
  8.146  0.217E+00  0.217E+00
  8.156  0.201E+00  0.201E+00
  8.166  0.197E+00  0.197E+00
  8.176  0.173E+00  0.173E+00
  8.186  0.145E+00  0.145E+00
  8.196  0.128E+00  0.128E+00
  8.206  0.125E+00  0.125E+00
  8.216  0.132E+00  0.132E+00
  8.226  0.141E+00  0.141E+00
  8.236  0.139E+00  0.139E+00
  8.246  0.137E+00  0.137E+00
  8.256  0.136E+00  0.136E+00
  8.266  0.131E+00  0.131E+00
  8.276  0.131E+00  0.131E+00
  8.286  0.136E+00  0.136E+00
  8.296  0.184E+00  0.184E+00
  8.306  0.195E+00  0.195E+00
  8.316  0.159E+00  0.159E+00
  8.326  0.150E+00  0.150E+00
  8.336  0.150E+00  0.150E+00
  8.346  0.164E+00  0.164E+00
  8.356  0.162E+00  0.162E+00
  8.366  0.145E+00  0.145E+00
  8.376  0.108E+00  0.108E+00
  8.386  0.768E-01  0.767E-01
  8.396  0.613E-01  0.613E-01
  8.406  0.622E-01  0.622E-01
  8.416  0.779E-01  0.779E-01
  8.426  0.871E-01  0.871E-01
  8.436  0.122E+00  0.122E+00
  8.446  0.138E+00  0.138E+00
  8.456  0.125E+00  0.125E+00
  8.466  0.999E-01  0.999E-01
  8.476  0.831E-01  0.831E-01
  8.486  0.711E-01  0.711E-01
  8.496  0.786E-01  0.786E-01
  8.506  0.857E-01  0.857E-01
  8.516  0.760E-01  0.760E-01
  8.526  0.653E-01  0.653E-01
  8.536  0.724E-01  0.724E-01
  8.546  0.720E-01  0.720E-01
  8.556  0.769E-01  0.769E-01
  8.566  0.891E-01  0.891E-01
  8.576  0.101E+00  0.101E+00
  8.586  0.957E-01  0.957E-01
  8.596  0.663E-01  0.663E-01
  8.606  0.551E-01  0.551E-01
  8.616  0.521E-01  0.521E-01
  8.626  0.943E-01  0.943E-01
  8.636  0.914E-01  0.914E-01
  8.646  0.925E-01  0.925E-01
  8.656  0.812E-01  0.812E-01
  8.666  0.665E-01  0.665E-01
  8.676  0.681E-01  0.681E-01
  8.686  0.873E-01  0.873E-01
  8.696  0.567E-01  0.566E-01
  8.706  0.418E-01  0.418E-01
  8.716  0.340E-01  0.340E-01
  8.726  0.391E-01  0.392E-01
  8.736  0.490E-01  0.490E-01
  8.746  0.598E-01  0.598E-01
  8.756  0.706E-01  0.706E-01
  8.766  0.739E-01  0.739E-01
  8.776  0.121E+00  0.122E+00
  8.786  0.105E+00  0.105E+00
  8.796  0.109E+00  0.109E+00
  8.806  0.932E-01  0.931E-01
  8.816  0.761E-01  0.760E-01
  8.826  0.621E-01  0.620E-01
  8.836  0.500E-01  0.500E-01
  8.846  0.435E-01  0.436E-01
  8.856  0.551E-01  0.551E-01
  8.866  0.469E-01  0.469E-01
  8.876  0.360E-01  0.360E-01
  8.886  0.284E-01  0.284E-01
  8.896  0.255E-01  0.255E-01
  8.906  0.289E-01  0.289E-01
  8.916  0.438E-01  0.438E-01
  8.926  0.682E-01  0.682E-01
  8.936  0.737E-01  0.738E-01
  8.946  0.703E-01  0.703E-01
  8.956  0.639E-01  0.640E-01
  8.966  0.100E+00  0.100E+00
  8.976  0.876E-01  0.874E-01
  8.986  0.569E-01  0.568E-01
  8.996  0.446E-01  0.446E-01
  9.006  0.395E-01  0.395E-01
  9.016  0.358E-01  0.358E-01
  9.026  0.328E-01  0.328E-01
  9.036  0.301E-01  0.301E-01
  9.046  0.285E-01  0.285E-01
  9.056  0.272E-01  0.272E-01
  9.066  0.266E-01  0.266E-01
  9.076  0.269E-01  0.269E-01
  9.086  0.270E-01  0.270E-01
  9.096  0.258E-01  0.258E-01
  9.106  0.236E-01  0.236E-01
  9.116  0.209E-01  0.209E-01
  9.126  0.377E-01  0.378E-01
  9.136  0.555E-01  0.555E-01
  9.146  0.525E-01  0.525E-01
  9.156  0.678E-01  0.679E-01
  9.166  0.641E-01  0.641E-01
  9.176  0.598E-01  0.598E-01
  9.186  0.414E-01  0.413E-01
  9.196  0.346E-01  0.346E-01
  9.206  0.314E-01  0.314E-01
  9.216  0.290E-01  0.290E-01
  9.226  0.272E-01  0.272E-01
  9.236  0.259E-01  0.259E-01
  9.246  0.246E-01  0.246E-01
  9.256  0.234E-01  0.234E-01
  9.266  0.224E-01  0.224E-01
  9.276  0.252E-01  0.252E-01
  9.286  0.287E-01  0.287E-01
  9.296  0.290E-01  0.290E-01
  9.306  0.285E-01  0.284E-01
  9.316  0.275E-01  0.275E-01
  9.326  0.247E-01  0.246E-01
  9.336  0.229E-01  0.229E-01
  9.346  0.205E-01  0.204E-01
  9.356  0.181E-01  0.180E-01
  9.366  0.159E-01  0.159E-01
  9.376  0.141E-01  0.140E-01
  9.386  0.118E-01  0.118E-01
  9.396  0.111E-01  0.111E-01
  9.406  0.110E-01  0.109E-01
  9.416  0.893E-02  0.891E-02
  9.426  0.707E-02  0.705E-02
  9.436  0.602E-02  0.605E-02
  9.446  0.634E-02  0.629E-02
  9.456  0.967E-03  0.940E-03
  9.466  0.000E+00  0.000E+00
  9.476  0.000E+00  0.000E+00
  9.486  0.000E+00  0.000E+00
  9.496  0.000E+00  0.000E+00
  9.506  0.000E+00  0.000E+00
  9.516  0.000E+00  0.000E+00
  9.526  0.000E+00  0.000E+00
  9.536  0.000E+00  0.000E+00
  9.546  0.000E+00  0.000E+00
  9.556  0.000E+00  0.000E+00
  9.566  0.000E+00  0.000E+00
  9.576  0.000E+00  0.000E+00
  9.586  0.000E+00  0.000E+00
  9.596  0.000E+00  0.000E+00
  9.606  0.000E+00  0.000E+00
  9.616  0.000E+00  0.000E+00
  9.626  0.000E+00  0.000E+00
  9.636  0.000E+00  0.000E+00
  9.646  0.000E+00  0.000E+00
  9.656  0.000E+00  0.000E+00
  9.666  0.000E+00  0.000E+00
  9.676  0.000E+00  0.000E+00
  9.686  0.000E+00  0.000E+00
  9.696  0.000E+00  0.000E+00
  9.706  0.000E+00  0.000E+00
  9.716  0.000E+00  0.000E+00
  9.726  0.000E+00  0.000E+00
  9.736  0.000E+00  0.000E+00
  9.746  0.000E+00  0.000E+00
  9.756  0.000E+00  0.000E+00
  9.766  0.000E+00  0.000E+00
  9.776  0.000E+00  0.000E+00
  9.786  0.000E+00  0.000E+00
  9.796  0.000E+00  0.000E+00
  9.806  0.000E+00  0.000E+00
  9.816  0.000E+00  0.000E+00
  9.826  0.000E+00  0.000E+00
  9.836  0.000E+00  0.000E+00
  9.846  0.000E+00  0.000E+00
  9.856  0.000E+00  0.000E+00
  9.866  0.000E+00  0.000E+00
  9.876  0.000E+00  0.000E+00
  9.886  0.000E+00  0.000E+00
  9.896  0.000E+00  0.000E+00
  9.906  0.000E+00  0.000E+00
  9.916  0.000E+00  0.000E+00
  9.926  0.000E+00  0.000E+00
  9.936  0.000E+00  0.000E+00
  9.946  0.000E+00  0.000E+00
  9.956  0.000E+00  0.000E+00
  9.966  0.000E+00  0.000E+00
  9.976  0.000E+00  0.000E+00
  9.986  0.000E+00  0.000E+00
  9.996  0.000E+00  0.000E+00
 10.006  0.000E+00  0.000E+00
 10.016  0.000E+00  0.000E+00
 10.026  0.000E+00  0.000E+00
 10.036  0.000E+00  0.000E+00
 10.046  0.000E+00  0.000E+00
 10.056  0.000E+00  0.000E+00
 10.066  0.000E+00  0.000E+00
 10.076  0.000E+00  0.000E+00
 10.086  0.000E+00  0.000E+00
 10.096  0.000E+00  0.000E+00
 10.106  0.000E+00  0.000E+00
 10.116  0.000E+00  0.000E+00
 10.126  0.000E+00  0.000E+00
 10.136  0.000E+00  0.000E+00
 10.146  0.000E+00  0.000E+00
 10.156  0.000E+00  0.000E+00
 10.166  0.000E+00  0.000E+00
 10.176  0.000E+00  0.000E+00
 10.186  0.000E+00  0.000E+00
 10.196  0.000E+00  0.000E+00
 10.206  0.000E+00  0.000E+00
 10.216  0.000E+00  0.000E+00
 10.226  0.000E+00  0.000E+00
 10.236  0.000E+00  0.000E+00
 10.246  0.000E+00  0.000E+00
 10.256  0.000E+00  0.000E+00
 10.266  0.000E+00  0.000E+00
 10.276  0.000E+00  0.000E+00
 10.286  0.000E+00  0.000E+00
 10.296  0.000E+00  0.000E+00
 10.306  0.000E+00  0.000E+00
 10.316  0.000E+00  0.000E+00
 10.326  0.000E+00  0.000E+00
 10.336  0.000E+00  0.000E+00
 10.346  0.000E+00  0.000E+00
 10.356  0.000E+00  0.000E+00
 10.366  0.000E+00  0.000E+00
 10.376  0.000E+00  0.000E+00
 10.386  0.000E+00  0.000E+00
 10.396  0.000E+00  0.000E+00
 10.406  0.000E+00  0.000E+00
 10.416  0.000E+00  0.000E+00
 10.426  0.000E+00  0.000E+00
 10.436  0.000E+00  0.000E+00
 10.446  0.000E+00  0.000E+00
 10.456  0.000E+00  0.000E+00
 10.466  0.000E+00  0.000E+00
 10.476  0.000E+00  0.000E+00
 10.486  0.000E+00  0.000E+00
 10.496  0.000E+00  0.000E+00
 10.506  0.000E+00  0.000E+00
 10.516  0.000E+00  0.000E+00
 10.526  0.000E+00  0.000E+00
 10.536  0.000E+00  0.000E+00
 10.546  0.000E+00  0.000E+00
 10.556  0.000E+00  0.000E+00
 10.566  0.000E+00  0.000E+00
 10.576  0.000E+00  0.000E+00
 10.586  0.000E+00  0.000E+00
 10.596  0.000E+00  0.000E+00
 10.606  0.000E+00  0.000E+00
 10.616  0.000E+00  0.000E+00
 10.626  0.000E+00  0.000E+00
 10.636  0.000E+00  0.000E+00
 10.646  0.000E+00  0.000E+00
 10.656  0.000E+00  0.000E+00
 10.666  0.000E+00  0.000E+00
 10.676  0.000E+00  0.000E+00
 10.686  0.000E+00  0.000E+00
 10.696  0.000E+00  0.000E+00
 10.706  0.000E+00  0.000E+00
 10.716  0.000E+00  0.000E+00
 10.726  0.000E+00  0.000E+00
 10.736  0.000E+00  0.000E+00
 10.746  0.000E+00  0.000E+00
 10.756  0.000E+00  0.000E+00
 10.766  0.000E+00  0.000E+00
 10.776  0.000E+00  0.000E+00
 10.786  0.000E+00  0.000E+00
 10.796  0.000E+00  0.000E+00
 10.806  0.000E+00  0.000E+00
 10.816  0.000E+00  0.000E+00
 10.826  0.000E+00  0.000E+00
 10.836  0.000E+00  0.000E+00
 10.846  0.000E+00  0.000E+00
 10.856  0.000E+00  0.000E+00
 10.866  0.000E+00  0.000E+00
 10.876  0.000E+00  0.000E+00
 10.886  0.000E+00  0.000E+00
 10.896  0.000E+00  0.000E+00
 10.906  0.000E+00  0.000E+00
 10.916  0.000E+00  0.000E+00
 10.926  0.000E+00  0.000E+00
 10.936  0.000E+00  0.000E+00
 10.946  0.000E+00  0.000E+00
 10.956  0.000E+00  0.000E+00
 10.966  0.000E+00  0.000E+00
 10.976  0.000E+00  0.000E+00
 10.986  0.000E+00  0.000E+00
 10.996  0.000E+00  0.000E+00
 11.006  0.000E+00  0.000E+00
 11.016  0.000E+00  0.000E+00
 11.026  0.590E-04  0.590E-04
 11.036  0.374E-03  0.374E-03
 11.046  0.957E-03  0.957E-03
 11.056  0.181E-02  0.181E-02
 11.066  0.291E-02  0.292E-02
 11.076  0.428E-02  0.428E-02
 11.086  0.591E-02  0.591E-02
 11.096  0.778E-02  0.778E-02
 11.106  0.989E-02  0.989E-02
 11.116  0.123E-01  0.123E-01
 11.126  0.149E-01  0.149E-01
 11.136  0.177E-01  0.177E-01
 11.146  0.208E-01  0.208E-01
 11.156  0.241E-01  0.241E-01
 11.166  0.276E-01  0.276E-01
 11.176  0.314E-01  0.314E-01
 11.186  0.353E-01  0.353E-01
 11.196  0.395E-01  0.395E-01
 11.206  0.439E-01  0.439E-01
 11.216  0.480E-01  0.480E-01
 11.226  0.519E-01  0.519E-01
 11.236  0.556E-01  0.556E-01
 11.246  0.592E-01  0.592E-01
 11.256  0.626E-01  0.626E-01
 11.266  0.658E-01  0.658E-01
 11.276  0.689E-01  0.689E-01
 11.286  0.717E-01  0.717E-01
 11.296  0.744E-01  0.744E-01
 11.306  0.770E-01  0.770E-01
 11.316  0.794E-01  0.794E-01
 11.326  0.817E-01  0.817E-01
 11.336  0.837E-01  0.837E-01
 11.346  0.856E-01  0.856E-01
 11.356  0.873E-01  0.873E-01
 11.366  0.890E-01  0.890E-01
 11.376  0.904E-01  0.904E-01
 11.386  0.918E-01  0.918E-01
 11.396  0.930E-01  0.930E-01
 11.406  0.950E-01  0.950E-01
 11.416  0.977E-01  0.977E-01
 11.426  0.100E+00  0.100E+00
 11.436  0.103E+00  0.103E+00
 11.446  0.106E+00  0.106E+00
 11.456  0.109E+00  0.109E+00
 11.466  0.112E+00  0.112E+00
 11.476  0.114E+00  0.114E+00
 11.486  0.117E+00  0.117E+00
 11.496  0.120E+00  0.120E+00
 11.506  0.123E+00  0.123E+00
 11.516  0.126E+00  0.126E+00
 11.526  0.128E+00  0.128E+00
 11.536  0.131E+00  0.131E+00
 11.546  0.134E+00  0.134E+00
 11.556  0.137E+00  0.137E+00
 11.566  0.139E+00  0.139E+00
 11.576  0.142E+00  0.142E+00
 11.586  0.145E+00  0.145E+00
 11.596  0.148E+00  0.148E+00
 11.606  0.150E+00  0.150E+00
 11.616  0.153E+00  0.153E+00
 11.626  0.156E+00  0.156E+00
 11.636  0.158E+00  0.158E+00
 11.646  0.161E+00  0.161E+00
 11.656  0.164E+00  0.164E+00
 11.666  0.166E+00  0.166E+00
 11.676  0.169E+00  0.169E+00
 11.686  0.172E+00  0.172E+00
 11.696  0.175E+00  0.175E+00
 11.706  0.178E+00  0.178E+00
 11.716  0.181E+00  0.181E+00
 11.726  0.183E+00  0.183E+00
 11.736  0.185E+00  0.185E+00
 11.746  0.187E+00  0.187E+00
 11.756  0.189E+00  0.189E+00
 11.766  0.191E+00  0.191E+00
 11.776  0.193E+00  0.193E+00
 11.786  0.195E+00  0.195E+00
 11.796  0.196E+00  0.196E+00
 11.806  0.198E+00  0.198E+00
 11.816  0.201E+00  0.201E+00
 11.826  0.205E+00  0.205E+00
 11.836  0.208E+00  0.208E+00
 11.846  0.212E+00  0.212E+00
 11.856  0.216E+00  0.216E+00
 11.866  0.219E+00  0.219E+00
 11.876  0.222E+00  0.222E+00
 11.886  0.225E+00  0.225E+00
 11.896  0.228E+00  0.228E+00
 11.906  0.231E+00  0.231E+00
 11.916  0.234E+00  0.234E+00
 11.926  0.237E+00  0.237E+00
 11.936  0.241E+00  0.241E+00
 11.946  0.244E+00  0.244E+00
 11.956  0.247E+00  0.247E+00
 11.966  0.250E+00  0.250E+00
 11.976  0.253E+00  0.253E+00
 11.986  0.257E+00  0.257E+00
 11.996  0.260E+00  0.260E+00
 12.006  0.263E+00  0.263E+00
 12.016  0.267E+00  0.267E+00
 12.026  0.272E+00  0.272E+00
 12.036  0.276E+00  0.276E+00
 12.046  0.281E+00  0.281E+00
 12.056  0.285E+00  0.285E+00
 12.066  0.289E+00  0.289E+00
 12.076  0.293E+00  0.293E+00
 12.086  0.297E+00  0.297E+00
 12.096  0.301E+00  0.301E+00
 12.106  0.305E+00  0.305E+00
 12.116  0.309E+00  0.309E+00
 12.126  0.313E+00  0.313E+00
 12.136  0.317E+00  0.317E+00
 12.146  0.321E+00  0.321E+00
 12.156  0.325E+00  0.325E+00
 12.166  0.330E+00  0.330E+00
 12.176  0.334E+00  0.334E+00
 12.186  0.338E+00  0.338E+00
 12.196  0.342E+00  0.342E+00
 12.206  0.346E+00  0.346E+00
 12.216  0.350E+00  0.350E+00
 12.226  0.355E+00  0.355E+00
 12.236  0.359E+00  0.359E+00
 12.246  0.363E+00  0.363E+00
 12.256  0.367E+00  0.367E+00
 12.266  0.372E+00  0.372E+00
 12.276  0.376E+00  0.376E+00
 12.286  0.381E+00  0.381E+00
 12.296  0.385E+00  0.385E+00
 12.306  0.390E+00  0.390E+00
 12.316  0.394E+00  0.394E+00
 12.326  0.399E+00  0.399E+00
 12.336  0.404E+00  0.404E+00
 12.346  0.409E+00  0.409E+00
 12.356  0.415E+00  0.415E+00
 12.366  0.421E+00  0.421E+00
 12.376  0.429E+00  0.429E+00
 12.386  0.451E+00  0.451E+00
 12.396  0.471E+00  0.471E+00
 12.406  0.490E+00  0.490E+00
 12.416  0.507E+00  0.507E+00
 12.426  0.523E+00  0.523E+00
 12.436  0.536E+00  0.536E+00
 12.446  0.548E+00  0.548E+00
 12.456  0.558E+00  0.558E+00
 12.466  0.559E+00  0.559E+00
 12.476  0.557E+00  0.557E+00
 12.486  0.555E+00  0.555E+00
 12.496  0.551E+00  0.551E+00
 12.506  0.547E+00  0.547E+00
 12.516  0.543E+00  0.543E+00
 12.526  0.537E+00  0.537E+00
 12.536  0.531E+00  0.531E+00
 12.546  0.526E+00  0.526E+00
 12.556  0.522E+00  0.522E+00
 12.566  0.519E+00  0.519E+00
 12.576  0.517E+00  0.517E+00
 12.586  0.518E+00  0.518E+00
 12.596  0.520E+00  0.520E+00
 12.606  0.524E+00  0.524E+00
 12.616  0.528E+00  0.528E+00
 12.626  0.535E+00  0.535E+00
 12.636  0.542E+00  0.542E+00
 12.646  0.549E+00  0.549E+00
 12.656  0.559E+00  0.559E+00
 12.666  0.567E+00  0.567E+00
 12.676  0.570E+00  0.570E+00
 12.686  0.574E+00  0.574E+00
 12.696  0.583E+00  0.583E+00
 12.706  0.595E+00  0.595E+00
 12.716  0.610E+00  0.610E+00
 12.726  0.628E+00  0.628E+00
 12.736  0.681E+00  0.681E+00
 12.746  0.693E+00  0.693E+00
 12.756  0.704E+00  0.704E+00
 12.766  0.715E+00  0.715E+00
 12.776  0.776E+00  0.776E+00
 12.786  0.811E+00  0.811E+00
 12.796  0.834E+00  0.834E+00
 12.806  0.889E+00  0.889E+00
 12.816  0.954E+00  0.954E+00
 12.826  0.102E+01  0.102E+01
 12.836  0.102E+01  0.102E+01
 12.846  0.979E+00  0.979E+00
 12.856  0.915E+00  0.915E+00
 12.866  0.837E+00  0.837E+00
 12.876  0.747E+00  0.747E+00
 12.886  0.693E+00  0.693E+00
 12.896  0.665E+00  0.665E+00
 12.906  0.639E+00  0.639E+00
 12.916  0.615E+00  0.615E+00
 12.926  0.592E+00  0.592E+00
 12.936  0.570E+00  0.570E+00
 12.946  0.550E+00  0.550E+00
 12.956  0.533E+00  0.533E+00
 12.966  0.504E+00  0.504E+00
 12.976  0.472E+00  0.472E+00
 12.986  0.468E+00  0.468E+00
 12.996  0.492E+00  0.492E+00
 13.006  0.555E+00  0.555E+00
 13.016  0.639E+00  0.640E+00
 13.026  0.656E+00  0.656E+00
 13.036  0.725E+00  0.725E+00
 13.046  0.751E+00  0.751E+00
 13.056  0.787E+00  0.787E+00
 13.066  0.827E+00  0.827E+00
 13.076  0.872E+00  0.872E+00
 13.086  0.894E+00  0.894E+00
 13.096  0.913E+00  0.913E+00
 13.106  0.929E+00  0.929E+00
 13.116  0.949E+00  0.949E+00
 13.126  0.979E+00  0.979E+00
 13.136  0.102E+01  0.102E+01
 13.146  0.105E+01  0.105E+01
 13.156  0.107E+01  0.107E+01
 13.166  0.121E+01  0.121E+01
 13.176  0.142E+01  0.142E+01
 13.186  0.161E+01  0.161E+01
 13.196  0.172E+01  0.172E+01
 13.206  0.130E+01  0.130E+01
 13.216  0.129E+01  0.129E+01
 13.226  0.128E+01  0.128E+01
 13.236  0.127E+01  0.126E+01
 13.246  0.129E+01  0.129E+01
 13.256  0.136E+01  0.136E+01
 13.266  0.142E+01  0.142E+01
 13.276  0.149E+01  0.149E+01
 13.286  0.154E+01  0.154E+01
 13.296  0.157E+01  0.157E+01
 13.306  0.230E+01  0.230E+01
 13.316  0.162E+01  0.162E+01
 13.326  0.154E+01  0.154E+01
 13.336  0.153E+01  0.153E+01
 13.346  0.155E+01  0.155E+01
 13.356  0.157E+01  0.157E+01
 13.366  0.165E+01  0.165E+01
 13.376  0.180E+01  0.180E+01
 13.386  0.196E+01  0.196E+01
 13.396  0.212E+01  0.212E+01
 13.406  0.230E+01  0.230E+01
 13.416  0.269E+01  0.269E+01
 13.426  0.269E+01  0.269E+01
 13.436  0.272E+01  0.272E+01
 13.446  0.287E+01  0.287E+01
 13.456  0.304E+01  0.304E+01
 13.466  0.312E+01  0.312E+01
 13.476  0.318E+01  0.318E+01
 13.486  0.315E+01  0.315E+01
 13.496  0.305E+01  0.305E+01
 13.506  0.294E+01  0.294E+01
 13.516  0.290E+01  0.290E+01
 13.526  0.291E+01  0.291E+01
 13.536  0.304E+01  0.304E+01
 13.546  0.328E+01  0.328E+01
 13.556  0.455E+01  0.455E+01
 13.566  0.485E+01  0.485E+01
 13.576  0.503E+01  0.503E+01
 13.586  0.507E+01  0.507E+01
 13.596  0.469E+01  0.469E+01
 13.606  0.493E+01  0.493E+01
 13.616  0.480E+01  0.480E+01
 13.626  0.473E+01  0.473E+01
 13.636  0.425E+01  0.425E+01
 13.646  0.370E+01  0.370E+01
 13.656  0.363E+01  0.363E+01
 13.666  0.387E+01  0.387E+01
 13.676  0.407E+01  0.407E+01
 13.686  0.420E+01  0.420E+01
 13.696  0.430E+01  0.429E+01
 13.706  0.440E+01  0.440E+01
 13.716  0.433E+01  0.433E+01
 13.726  0.424E+01  0.424E+01
 13.736  0.427E+01  0.427E+01
 13.746  0.453E+01  0.453E+01
 13.756  0.443E+01  0.443E+01
 13.766  0.436E+01  0.436E+01
 13.776  0.431E+01  0.431E+01
 13.786  0.430E+01  0.430E+01
 13.796  0.426E+01  0.426E+01
 13.806  0.427E+01  0.427E+01
 13.816  0.423E+01  0.423E+01
 13.826  0.428E+01  0.428E+01
 13.836  0.446E+01  0.446E+01
 13.846  0.448E+01  0.448E+01
 13.856  0.453E+01  0.453E+01
 13.866  0.447E+01  0.447E+01
 13.876  0.435E+01  0.435E+01
 13.886  0.437E+01  0.437E+01
 13.896  0.436E+01  0.436E+01
 13.906  0.437E+01  0.437E+01
 13.916  0.443E+01  0.443E+01
 13.926  0.457E+01  0.457E+01
 13.936  0.461E+01  0.461E+01
 13.946  0.459E+01  0.459E+01
 13.956  0.462E+01  0.462E+01
 13.966  0.471E+01  0.471E+01
 13.976  0.496E+01  0.496E+01
 13.986  0.499E+01  0.499E+01
 13.996  0.490E+01  0.490E+01
 14.006  0.483E+01  0.483E+01
 14.016  0.521E+01  0.521E+01
 14.026  0.473E+01  0.473E+01
 14.036  0.465E+01  0.465E+01
 14.046  0.459E+01  0.459E+01
 14.056  0.453E+01  0.453E+01
 14.066  0.450E+01  0.450E+01
 14.076  0.440E+01  0.440E+01
 14.086  0.432E+01  0.432E+01
 14.096  0.427E+01  0.427E+01
 14.106  0.421E+01  0.421E+01
 14.116  0.413E+01  0.413E+01
 14.126  0.406E+01  0.406E+01
 14.136  0.401E+01  0.401E+01
 14.146  0.397E+01  0.397E+01
 14.156  0.390E+01  0.390E+01
 14.166  0.380E+01  0.380E+01
 14.176  0.382E+01  0.382E+01
 14.186  0.391E+01  0.391E+01
 14.196  0.400E+01  0.400E+01
 14.206  0.409E+01  0.409E+01
 14.216  0.419E+01  0.419E+01
 14.226  0.435E+01  0.435E+01
 14.236  0.450E+01  0.450E+01
 14.246  0.474E+01  0.474E+01
 14.256  0.470E+01  0.470E+01
 14.266  0.468E+01  0.468E+01
 14.276  0.453E+01  0.453E+01
 14.286  0.466E+01  0.466E+01
 14.296  0.473E+01  0.473E+01
 14.306  0.463E+01  0.463E+01
 14.316  0.459E+01  0.459E+01
 14.326  0.429E+01  0.429E+01
 14.336  0.451E+01  0.451E+01
 14.346  0.449E+01  0.449E+01
 14.356  0.442E+01  0.442E+01
 14.366  0.434E+01  0.434E+01
 14.376  0.464E+01  0.465E+01
 14.386  0.450E+01  0.450E+01
 14.396  0.465E+01  0.465E+01
 14.406  0.476E+01  0.476E+01
 14.416  0.460E+01  0.460E+01
 14.426  0.459E+01  0.459E+01
 14.436  0.464E+01  0.464E+01
 14.446  0.451E+01  0.451E+01
 14.456  0.455E+01  0.455E+01
 14.466  0.453E+01  0.453E+01
 14.476  0.441E+01  0.441E+01
 14.486  0.435E+01  0.435E+01
 14.496  0.413E+01  0.413E+01
 14.506  0.390E+01  0.390E+01
 14.516  0.398E+01  0.398E+01
 14.526  0.381E+01  0.381E+01
 14.536  0.414E+01  0.414E+01
 14.546  0.372E+01  0.372E+01
 14.556  0.380E+01  0.380E+01
 14.566  0.369E+01  0.369E+01
 14.576  0.383E+01  0.383E+01
 14.586  0.386E+01  0.386E+01
 14.596  0.392E+01  0.392E+01
 14.606  0.401E+01  0.401E+01
 14.616  0.406E+01  0.406E+01
 14.626  0.408E+01  0.408E+01
 14.636  0.443E+01  0.443E+01
 14.646  0.472E+01  0.472E+01
 14.656  0.464E+01  0.464E+01
 14.666  0.450E+01  0.450E+01
 14.676  0.449E+01  0.449E+01
 14.686  0.415E+01  0.415E+01
 14.696  0.402E+01  0.402E+01
 14.706  0.365E+01  0.365E+01
 14.716  0.388E+01  0.388E+01
 14.726  0.355E+01  0.355E+01
 14.736  0.351E+01  0.351E+01
 14.746  0.361E+01  0.361E+01
 14.756  0.365E+01  0.365E+01
 14.766  0.361E+01  0.361E+01
 14.776  0.362E+01  0.362E+01
 14.786  0.365E+01  0.365E+01
 14.796  0.365E+01  0.365E+01
 14.806  0.364E+01  0.364E+01
 14.816  0.359E+01  0.359E+01
 14.826  0.378E+01  0.378E+01
 14.836  0.389E+01  0.389E+01
 14.846  0.390E+01  0.390E+01
 14.856  0.427E+01  0.427E+01
 14.866  0.404E+01  0.404E+01
 14.876  0.420E+01  0.420E+01
 14.886  0.394E+01  0.394E+01
 14.896  0.391E+01  0.391E+01
 14.906  0.389E+01  0.389E+01
 14.916  0.373E+01  0.373E+01
 14.926  0.363E+01  0.363E+01
 14.936  0.352E+01  0.352E+01
 14.946  0.341E+01  0.341E+01
 14.956  0.343E+01  0.343E+01
 14.966  0.344E+01  0.344E+01
 14.976  0.350E+01  0.350E+01
 14.986  0.349E+01  0.349E+01
 14.996  0.355E+01  0.355E+01
 15.006  0.360E+01  0.360E+01
 15.016  0.331E+01  0.331E+01
 15.026  0.321E+01  0.321E+01
 15.036  0.298E+01  0.298E+01
 15.046  0.304E+01  0.304E+01
 15.056  0.269E+01  0.269E+01
 15.066  0.268E+01  0.268E+01
 15.076  0.278E+01  0.278E+01
 15.086  0.291E+01  0.291E+01
 15.096  0.293E+01  0.293E+01
 15.106  0.294E+01  0.294E+01
 15.116  0.287E+01  0.287E+01
 15.126  0.279E+01  0.279E+01
 15.136  0.272E+01  0.272E+01
 15.146  0.247E+01  0.247E+01
 15.156  0.254E+01  0.254E+01
 15.166  0.257E+01  0.257E+01
 15.176  0.268E+01  0.268E+01
 15.186  0.260E+01  0.260E+01
 15.196  0.255E+01  0.255E+01
 15.206  0.267E+01  0.267E+01
 15.216  0.257E+01  0.257E+01
 15.226  0.229E+01  0.229E+01
 15.236  0.215E+01  0.215E+01
 15.246  0.251E+01  0.251E+01
 15.256  0.224E+01  0.224E+01
 15.266  0.198E+01  0.198E+01
 15.276  0.228E+01  0.228E+01
 15.286  0.199E+01  0.199E+01
 15.296  0.197E+01  0.197E+01
 15.306  0.194E+01  0.194E+01
 15.316  0.186E+01  0.186E+01
 15.326  0.188E+01  0.188E+01
 15.336  0.209E+01  0.209E+01
 15.346  0.223E+01  0.223E+01
 15.356  0.208E+01  0.208E+01
 15.366  0.200E+01  0.200E+01
 15.376  0.202E+01  0.202E+01
 15.386  0.207E+01  0.207E+01
 15.396  0.206E+01  0.206E+01
 15.406  0.199E+01  0.199E+01
 15.416  0.201E+01  0.201E+01
 15.426  0.207E+01  0.207E+01
 15.436  0.198E+01  0.198E+01
 15.446  0.194E+01  0.194E+01
 15.456  0.186E+01  0.186E+01
 15.466  0.179E+01  0.179E+01
 15.476  0.173E+01  0.173E+01
 15.486  0.167E+01  0.167E+01
 15.496  0.162E+01  0.162E+01
 15.506  0.159E+01  0.159E+01
 15.516  0.157E+01  0.157E+01
 15.526  0.154E+01  0.154E+01
 15.536  0.152E+01  0.152E+01
 15.546  0.152E+01  0.152E+01
 15.556  0.166E+01  0.166E+01
 15.566  0.168E+01  0.168E+01
 15.576  0.166E+01  0.166E+01
 15.586  0.170E+01  0.170E+01
 15.596  0.174E+01  0.174E+01
 15.606  0.167E+01  0.167E+01
 15.616  0.158E+01  0.158E+01
 15.626  0.152E+01  0.152E+01
 15.636  0.149E+01  0.149E+01
 15.646  0.148E+01  0.148E+01
 15.656  0.147E+01  0.147E+01
 15.666  0.143E+01  0.143E+01
 15.676  0.139E+01  0.139E+01
 15.686  0.137E+01  0.137E+01
 15.696  0.133E+01  0.133E+01
 15.706  0.126E+01  0.126E+01
 15.716  0.120E+01  0.120E+01
 15.726  0.114E+01  0.114E+01
 15.736  0.106E+01  0.106E+01
 15.746  0.990E+00  0.990E+00
 15.756  0.942E+00  0.942E+00
 15.766  0.902E+00  0.902E+00
 15.776  0.867E+00  0.867E+00
 15.786  0.833E+00  0.833E+00
 15.796  0.839E+00  0.839E+00
 15.806  0.901E+00  0.901E+00
 15.816  0.921E+00  0.921E+00
 15.826  0.899E+00  0.899E+00
 15.836  0.862E+00  0.862E+00
 15.846  0.808E+00  0.808E+00
 15.856  0.786E+00  0.786E+00
 15.866  0.768E+00  0.768E+00
 15.876  0.753E+00  0.753E+00
 15.886  0.744E+00  0.744E+00
 15.896  0.756E+00  0.756E+00
 15.906  0.777E+00  0.778E+00
 15.916  0.829E+00  0.829E+00
 15.926  0.810E+00  0.810E+00
 15.936  0.699E+00  0.699E+00
 15.946  0.664E+00  0.664E+00
 15.956  0.626E+00  0.626E+00
 15.966  0.644E+00  0.644E+00
 15.976  0.711E+00  0.711E+00
 15.986  0.817E+00  0.817E+00
 15.996  0.845E+00  0.845E+00
 16.006  0.841E+00  0.841E+00
 16.016  0.828E+00  0.828E+00
 16.026  0.805E+00  0.805E+00
 16.036  0.772E+00  0.772E+00
 16.046  0.756E+00  0.756E+00
 16.056  0.715E+00  0.715E+00
 16.066  0.655E+00  0.655E+00
 16.076  0.583E+00  0.583E+00
 16.086  0.545E+00  0.545E+00
 16.096  0.572E+00  0.572E+00
 16.106  0.661E+00  0.661E+00
 16.116  0.764E+00  0.764E+00
 16.126  0.730E+00  0.730E+00
 16.136  0.667E+00  0.667E+00
 16.146  0.611E+00  0.611E+00
 16.156  0.631E+00  0.631E+00
 16.166  0.625E+00  0.625E+00
 16.176  0.639E+00  0.639E+00
 16.186  0.711E+00  0.711E+00
 16.196  0.734E+00  0.734E+00
 16.206  0.759E+00  0.759E+00
 16.216  0.781E+00  0.781E+00
 16.226  0.780E+00  0.780E+00
 16.236  0.752E+00  0.752E+00
 16.246  0.743E+00  0.743E+00
 16.256  0.732E+00  0.732E+00
 16.266  0.696E+00  0.696E+00
 16.276  0.682E+00  0.682E+00
 16.286  0.750E+00  0.750E+00
 16.296  0.706E+00  0.706E+00
 16.306  0.689E+00  0.689E+00
 16.316  0.713E+00  0.713E+00
 16.326  0.727E+00  0.727E+00
 16.336  0.760E+00  0.760E+00
 16.346  0.830E+00  0.830E+00
 16.356  0.863E+00  0.863E+00
 16.366  0.775E+00  0.775E+00
 16.376  0.715E+00  0.715E+00
 16.386  0.707E+00  0.707E+00
 16.396  0.716E+00  0.716E+00
 16.406  0.762E+00  0.762E+00
 16.416  0.820E+00  0.820E+00
 16.426  0.848E+00  0.848E+00
 16.436  0.789E+00  0.789E+00
 16.446  0.801E+00  0.801E+00
 16.456  0.799E+00  0.799E+00
 16.466  0.795E+00  0.795E+00
 16.476  0.776E+00  0.776E+00
 16.486  0.750E+00  0.750E+00
 16.496  0.758E+00  0.758E+00
 16.506  0.795E+00  0.795E+00
 16.516  0.780E+00  0.780E+00
 16.526  0.734E+00  0.734E+00
 16.536  0.730E+00  0.730E+00
 16.546  0.753E+00  0.753E+00
 16.556  0.787E+00  0.787E+00
 16.566  0.803E+00  0.803E+00
 16.576  0.767E+00  0.767E+00
 16.586  0.769E+00  0.769E+00
 16.596  0.810E+00  0.810E+00
 16.606  0.784E+00  0.784E+00
 16.616  0.792E+00  0.792E+00
 16.626  0.773E+00  0.773E+00
 16.636  0.748E+00  0.748E+00
 16.646  0.721E+00  0.722E+00
 16.656  0.763E+00  0.763E+00
 16.666  0.726E+00  0.726E+00
 16.676  0.708E+00  0.708E+00
 16.686  0.674E+00  0.674E+00
 16.696  0.669E+00  0.670E+00
 16.706  0.602E+00  0.602E+00
 16.716  0.564E+00  0.564E+00
 16.726  0.530E+00  0.530E+00
 16.736  0.549E+00  0.548E+00
 16.746  0.502E+00  0.502E+00
 16.756  0.464E+00  0.464E+00
 16.766  0.433E+00  0.433E+00
 16.776  0.335E+00  0.335E+00
 16.786  0.297E+00  0.297E+00
 16.796  0.232E+00  0.232E+00
 16.806  0.250E+00  0.250E+00
 16.816  0.232E+00  0.231E+00
 16.826  0.147E+00  0.146E+00
 16.836  0.150E+00  0.149E+00
 16.846  0.135E+00  0.134E+00
 16.856  0.104E+00  0.104E+00
 16.866  0.868E-01  0.865E-01
 16.876  0.376E-01  0.374E-01
 16.886  0.231E-01  0.229E-01
 16.896  0.144E-01  0.143E-01
 16.906  0.813E-02  0.799E-02
 16.916  0.384E-02  0.376E-02
 16.926  0.137E-02  0.132E-02
 16.936  0.290E-03  0.276E-03
 16.946  0.000E+00  0.000E+00
