# E (eV) pdosup(E)  pdosdw(E) 
 -6.474  0.000E+00  0.000E+00
 -6.464  0.504E+00  0.505E+00
 -6.454  0.162E+01  0.162E+01
 -6.444  0.216E+01  0.216E+01
 -6.434  0.259E+01  0.259E+01
 -6.424  0.319E+01  0.319E+01
 -6.414  0.367E+01  0.367E+01
 -6.404  0.369E+01  0.369E+01
 -6.394  0.369E+01  0.369E+01
 -6.384  0.378E+01  0.378E+01
 -6.374  0.388E+01  0.388E+01
 -6.364  0.421E+01  0.421E+01
 -6.354  0.449E+01  0.449E+01
 -6.344  0.480E+01  0.480E+01
 -6.334  0.514E+01  0.514E+01
 -6.324  0.549E+01  0.549E+01
 -6.314  0.584E+01  0.584E+01
 -6.304  0.622E+01  0.622E+01
 -6.294  0.656E+01  0.656E+01
 -6.284  0.697E+01  0.697E+01
 -6.274  0.845E+01  0.845E+01
 -6.264  0.894E+01  0.894E+01
 -6.254  0.839E+01  0.839E+01
 -6.244  0.798E+01  0.798E+01
 -6.234  0.785E+01  0.785E+01
 -6.224  0.740E+01  0.740E+01
 -6.214  0.779E+01  0.779E+01
 -6.204  0.896E+01  0.896E+01
 -6.194  0.102E+02  0.102E+02
 -6.184  0.127E+02  0.127E+02
 -6.174  0.134E+02  0.134E+02
 -6.164  0.904E+01  0.904E+01
 -6.154  0.669E+01  0.669E+01
 -6.144  0.538E+01  0.538E+01
 -6.134  0.814E+01  0.814E+01
 -6.124  0.879E+01  0.879E+01
 -6.114  0.103E+02  0.103E+02
 -6.104  0.157E+02  0.157E+02
 -6.094  0.141E+02  0.141E+02
 -6.084  0.134E+02  0.134E+02
 -6.074  0.134E+02  0.134E+02
 -6.064  0.163E+02  0.163E+02
 -6.054  0.175E+02  0.175E+02
 -6.044  0.165E+02  0.165E+02
 -6.034  0.141E+02  0.141E+02
 -6.024  0.130E+02  0.130E+02
 -6.014  0.138E+02  0.138E+02
 -6.004  0.158E+02  0.158E+02
 -5.994  0.159E+02  0.159E+02
 -5.984  0.189E+02  0.189E+02
 -5.974  0.185E+02  0.185E+02
 -5.964  0.185E+02  0.185E+02
 -5.954  0.209E+02  0.209E+02
 -5.944  0.217E+02  0.217E+02
 -5.934  0.223E+02  0.223E+02
 -5.924  0.229E+02  0.229E+02
 -5.914  0.229E+02  0.229E+02
 -5.904  0.226E+02  0.226E+02
 -5.894  0.260E+02  0.260E+02
 -5.884  0.280E+02  0.280E+02
 -5.874  0.312E+02  0.312E+02
 -5.864  0.330E+02  0.330E+02
 -5.854  0.299E+02  0.299E+02
 -5.844  0.259E+02  0.259E+02
 -5.834  0.350E+02  0.350E+02
 -5.824  0.335E+02  0.335E+02
 -5.814  0.404E+02  0.404E+02
 -5.804  0.441E+02  0.441E+02
 -5.794  0.419E+02  0.419E+02
 -5.784  0.343E+02  0.343E+02
 -5.774  0.376E+02  0.376E+02
 -5.764  0.520E+02  0.520E+02
 -5.754  0.709E+02  0.709E+02
 -5.744  0.622E+02  0.622E+02
 -5.734  0.581E+02  0.581E+02
 -5.724  0.625E+02  0.625E+02
 -5.714  0.854E+02  0.854E+02
 -5.704  0.913E+02  0.913E+02
 -5.694  0.849E+02  0.849E+02
 -5.684  0.969E+02  0.969E+02
 -5.674  0.150E+03  0.150E+03
 -5.664  0.140E+03  0.141E+03
 -5.654  0.145E+03  0.145E+03
 -5.644  0.133E+03  0.133E+03
 -5.634  0.209E+03  0.209E+03
 -5.624  0.123E+03  0.123E+03
 -5.614  0.142E+03  0.142E+03
 -5.604  0.250E+03  0.249E+03
 -5.594  0.180E+03  0.180E+03
 -5.584  0.191E+03  0.191E+03
 -5.574  0.235E+03  0.235E+03
 -5.564  0.324E+03  0.324E+03
 -5.554  0.252E+03  0.252E+03
 -5.544  0.496E+03  0.495E+03
 -5.534  0.447E+03  0.447E+03
 -5.524  0.854E+02  0.849E+02
 -5.514  0.000E+00  0.000E+00
 -5.504  0.000E+00  0.000E+00
 -5.494  0.575E+03  0.576E+03
 -5.484  0.000E+00  0.000E+00
 -5.474  0.000E+00  0.000E+00
 -5.464  0.000E+00  0.000E+00
 -5.454  0.000E+00  0.000E+00
 -5.444  0.000E+00  0.000E+00
 -5.434  0.000E+00  0.000E+00
 -5.424  0.000E+00  0.000E+00
 -5.414  0.000E+00  0.000E+00
 -5.404  0.000E+00  0.000E+00
 -5.394  0.000E+00  0.000E+00
 -5.384  0.000E+00  0.000E+00
 -5.374  0.000E+00  0.000E+00
 -5.364  0.000E+00  0.000E+00
 -5.354  0.000E+00  0.000E+00
 -5.344  0.000E+00  0.000E+00
 -5.334  0.000E+00  0.000E+00
 -5.324  0.000E+00  0.000E+00
 -5.314  0.000E+00  0.000E+00
 -5.304  0.000E+00  0.000E+00
 -5.294  0.000E+00  0.000E+00
 -5.284  0.000E+00  0.000E+00
 -5.274  0.000E+00  0.000E+00
 -5.264  0.000E+00  0.000E+00
 -5.254  0.000E+00  0.000E+00
 -5.244  0.000E+00  0.000E+00
 -5.234  0.000E+00  0.000E+00
 -5.224  0.000E+00  0.000E+00
 -5.214  0.000E+00  0.000E+00
 -5.204  0.000E+00  0.000E+00
 -5.194  0.000E+00  0.000E+00
 -5.184  0.000E+00  0.000E+00
 -5.174  0.000E+00  0.000E+00
 -5.164  0.000E+00  0.000E+00
 -5.154  0.000E+00  0.000E+00
 -5.144  0.000E+00  0.000E+00
 -5.134  0.000E+00  0.000E+00
 -5.124  0.000E+00  0.000E+00
 -5.114  0.000E+00  0.000E+00
 -5.104  0.000E+00  0.000E+00
 -5.094  0.000E+00  0.000E+00
 -5.084  0.000E+00  0.000E+00
 -5.074  0.000E+00  0.000E+00
 -5.064  0.000E+00  0.000E+00
 -5.054  0.000E+00  0.000E+00
 -5.044  0.000E+00  0.000E+00
 -5.034  0.000E+00  0.000E+00
 -5.024  0.000E+00  0.000E+00
 -5.014  0.000E+00  0.000E+00
 -5.004  0.000E+00  0.000E+00
 -4.994  0.000E+00  0.000E+00
 -4.984  0.000E+00  0.000E+00
 -4.974  0.000E+00  0.000E+00
 -4.964  0.000E+00  0.000E+00
 -4.954  0.000E+00  0.000E+00
 -4.944  0.000E+00  0.000E+00
 -4.934  0.000E+00  0.000E+00
 -4.924  0.000E+00  0.000E+00
 -4.914  0.000E+00  0.000E+00
 -4.904  0.000E+00  0.000E+00
 -4.894  0.000E+00  0.000E+00
 -4.884  0.000E+00  0.000E+00
 -4.874  0.000E+00  0.000E+00
 -4.864  0.000E+00  0.000E+00
 -4.854  0.000E+00  0.000E+00
 -4.844  0.000E+00  0.000E+00
 -4.834  0.000E+00  0.000E+00
 -4.824  0.000E+00  0.000E+00
 -4.814  0.000E+00  0.000E+00
 -4.804  0.000E+00  0.000E+00
 -4.794  0.000E+00  0.000E+00
 -4.784  0.000E+00  0.000E+00
 -4.774  0.000E+00  0.000E+00
 -4.764  0.000E+00  0.000E+00
 -4.754  0.000E+00  0.000E+00
 -4.744  0.000E+00  0.000E+00
 -4.734  0.000E+00  0.000E+00
 -4.724  0.000E+00  0.000E+00
 -4.714  0.000E+00  0.000E+00
 -4.704  0.000E+00  0.000E+00
 -4.694  0.000E+00  0.000E+00
 -4.684  0.000E+00  0.000E+00
 -4.674  0.000E+00  0.000E+00
 -4.664  0.000E+00  0.000E+00
 -4.654  0.000E+00  0.000E+00
 -4.644  0.000E+00  0.000E+00
 -4.634  0.000E+00  0.000E+00
 -4.624  0.000E+00  0.000E+00
 -4.614  0.000E+00  0.000E+00
 -4.604  0.000E+00  0.000E+00
 -4.594  0.000E+00  0.000E+00
 -4.584  0.000E+00  0.000E+00
 -4.574  0.000E+00  0.000E+00
 -4.564  0.000E+00  0.000E+00
 -4.554  0.000E+00  0.000E+00
 -4.544  0.000E+00  0.000E+00
 -4.534  0.000E+00  0.000E+00
 -4.524  0.000E+00  0.000E+00
 -4.514  0.000E+00  0.000E+00
 -4.504  0.000E+00  0.000E+00
 -4.494  0.000E+00  0.000E+00
 -4.484  0.000E+00  0.000E+00
 -4.474  0.000E+00  0.000E+00
 -4.464  0.000E+00  0.000E+00
 -4.454  0.000E+00  0.000E+00
 -4.444  0.000E+00  0.000E+00
 -4.434  0.000E+00  0.000E+00
 -4.424  0.000E+00  0.000E+00
 -4.414  0.000E+00  0.000E+00
 -4.404  0.000E+00  0.000E+00
 -4.394  0.000E+00  0.000E+00
 -4.384  0.000E+00  0.000E+00
 -4.374  0.000E+00  0.000E+00
 -4.364  0.000E+00  0.000E+00
 -4.354  0.000E+00  0.000E+00
 -4.344  0.000E+00  0.000E+00
 -4.334  0.000E+00  0.000E+00
 -4.324  0.000E+00  0.000E+00
 -4.314  0.000E+00  0.000E+00
 -4.304  0.000E+00  0.000E+00
 -4.294  0.000E+00  0.000E+00
 -4.284  0.000E+00  0.000E+00
 -4.274  0.000E+00  0.000E+00
 -4.264  0.000E+00  0.000E+00
 -4.254  0.940E+02  0.946E+02
 -4.244  0.000E+00  0.000E+00
 -4.234  0.000E+00  0.000E+00
 -4.224  0.000E+00  0.000E+00
 -4.214  0.000E+00  0.000E+00
 -4.204  0.407E+02  0.407E+02
 -4.194  0.127E+03  0.127E+03
 -4.184  0.272E+03  0.272E+03
 -4.174  0.371E+03  0.371E+03
 -4.164  0.519E+03  0.519E+03
 -4.154  0.617E+03  0.617E+03
 -4.144  0.853E+03  0.853E+03
 -4.134  0.868E+03  0.868E+03
 -4.124  0.677E+03  0.677E+03
 -4.114  0.860E+03  0.860E+03
 -4.104  0.660E+03  0.660E+03
 -4.094  0.601E+03  0.601E+03
 -4.084  0.630E+03  0.630E+03
 -4.074  0.541E+03  0.541E+03
 -4.064  0.517E+03  0.517E+03
 -4.054  0.482E+03  0.482E+03
 -4.044  0.427E+03  0.427E+03
 -4.034  0.409E+03  0.409E+03
 -4.024  0.465E+03  0.465E+03
 -4.014  0.689E+03  0.689E+03
 -4.004  0.708E+03  0.709E+03
 -3.994  0.633E+03  0.633E+03
 -3.984  0.105E+04  0.105E+04
 -3.974  0.690E+03  0.690E+03
 -3.964  0.787E+03  0.787E+03
 -3.954  0.479E+03  0.479E+03
 -3.944  0.577E+03  0.577E+03
 -3.934  0.470E+03  0.470E+03
 -3.924  0.717E+03  0.717E+03
 -3.914  0.695E+03  0.695E+03
 -3.904  0.856E+03  0.856E+03
 -3.894  0.961E+03  0.961E+03
 -3.884  0.542E+03  0.542E+03
 -3.874  0.291E+03  0.291E+03
 -3.864  0.387E+03  0.387E+03
 -3.854  0.121E+03  0.121E+03
 -3.844  0.132E+03  0.132E+03
 -3.834  0.406E+02  0.406E+02
 -3.824  0.111E+03  0.111E+03
 -3.814  0.604E+02  0.605E+02
 -3.804  0.464E+02  0.464E+02
 -3.794  0.878E+02  0.878E+02
 -3.784  0.698E+02  0.697E+02
 -3.774  0.114E+03  0.114E+03
 -3.764  0.597E+02  0.597E+02
 -3.754  0.681E+02  0.681E+02
 -3.744  0.137E+03  0.137E+03
 -3.734  0.252E+03  0.251E+03
 -3.724  0.411E+02  0.411E+02
 -3.714  0.310E+02  0.311E+02
 -3.704  0.261E+02  0.261E+02
 -3.694  0.261E+02  0.261E+02
 -3.684  0.273E+02  0.273E+02
 -3.674  0.322E+02  0.322E+02
 -3.664  0.323E+02  0.323E+02
 -3.654  0.321E+02  0.321E+02
 -3.644  0.309E+02  0.309E+02
 -3.634  0.349E+02  0.348E+02
 -3.624  0.758E+02  0.759E+02
 -3.614  0.446E+02  0.446E+02
 -3.604  0.286E+02  0.286E+02
 -3.594  0.234E+02  0.234E+02
 -3.584  0.219E+02  0.219E+02
 -3.574  0.196E+02  0.196E+02
 -3.564  0.173E+02  0.173E+02
 -3.554  0.147E+02  0.147E+02
 -3.544  0.153E+02  0.153E+02
 -3.534  0.162E+02  0.162E+02
 -3.524  0.166E+02  0.166E+02
 -3.514  0.162E+02  0.162E+02
 -3.504  0.168E+02  0.168E+02
 -3.494  0.192E+02  0.192E+02
 -3.484  0.201E+02  0.201E+02
 -3.474  0.204E+02  0.204E+02
 -3.464  0.224E+02  0.224E+02
 -3.454  0.190E+02  0.190E+02
 -3.444  0.169E+02  0.169E+02
 -3.434  0.152E+02  0.152E+02
 -3.424  0.139E+02  0.139E+02
 -3.414  0.137E+02  0.137E+02
 -3.404  0.140E+02  0.140E+02
 -3.394  0.165E+02  0.165E+02
 -3.384  0.196E+02  0.196E+02
 -3.374  0.188E+02  0.188E+02
 -3.364  0.182E+02  0.182E+02
 -3.354  0.161E+02  0.161E+02
 -3.344  0.149E+02  0.149E+02
 -3.334  0.145E+02  0.145E+02
 -3.324  0.150E+02  0.150E+02
 -3.314  0.177E+02  0.177E+02
 -3.304  0.190E+02  0.190E+02
 -3.294  0.215E+02  0.215E+02
 -3.284  0.217E+02  0.217E+02
 -3.274  0.199E+02  0.199E+02
 -3.264  0.185E+02  0.185E+02
 -3.254  0.185E+02  0.185E+02
 -3.244  0.195E+02  0.195E+02
 -3.234  0.193E+02  0.193E+02
 -3.224  0.187E+02  0.187E+02
 -3.214  0.184E+02  0.184E+02
 -3.204  0.189E+02  0.189E+02
 -3.194  0.191E+02  0.191E+02
 -3.184  0.182E+02  0.182E+02
 -3.174  0.165E+02  0.165E+02
 -3.164  0.162E+02  0.162E+02
 -3.154  0.166E+02  0.166E+02
 -3.144  0.165E+02  0.165E+02
 -3.134  0.176E+02  0.176E+02
 -3.124  0.230E+02  0.230E+02
 -3.114  0.240E+02  0.240E+02
 -3.104  0.231E+02  0.231E+02
 -3.094  0.227E+02  0.227E+02
 -3.084  0.223E+02  0.223E+02
 -3.074  0.205E+02  0.205E+02
 -3.064  0.194E+02  0.194E+02
 -3.054  0.186E+02  0.186E+02
 -3.044  0.175E+02  0.175E+02
 -3.034  0.192E+02  0.192E+02
 -3.024  0.207E+02  0.207E+02
 -3.014  0.236E+02  0.236E+02
 -3.004  0.248E+02  0.248E+02
 -2.994  0.242E+02  0.242E+02
 -2.984  0.227E+02  0.227E+02
 -2.974  0.223E+02  0.223E+02
 -2.964  0.218E+02  0.218E+02
 -2.954  0.202E+02  0.202E+02
 -2.944  0.202E+02  0.202E+02
 -2.934  0.206E+02  0.206E+02
 -2.924  0.216E+02  0.216E+02
 -2.914  0.230E+02  0.230E+02
 -2.904  0.231E+02  0.231E+02
 -2.894  0.243E+02  0.243E+02
 -2.884  0.270E+02  0.270E+02
 -2.874  0.283E+02  0.283E+02
 -2.864  0.282E+02  0.282E+02
 -2.854  0.288E+02  0.288E+02
 -2.844  0.273E+02  0.273E+02
 -2.834  0.262E+02  0.262E+02
 -2.824  0.269E+02  0.269E+02
 -2.814  0.299E+02  0.299E+02
 -2.804  0.298E+02  0.298E+02
 -2.794  0.290E+02  0.290E+02
 -2.784  0.254E+02  0.254E+02
 -2.774  0.295E+02  0.294E+02
 -2.764  0.285E+02  0.285E+02
 -2.754  0.288E+02  0.288E+02
 -2.744  0.311E+02  0.311E+02
 -2.734  0.313E+02  0.313E+02
 -2.724  0.307E+02  0.307E+02
 -2.714  0.290E+02  0.290E+02
 -2.704  0.255E+02  0.255E+02
 -2.694  0.264E+02  0.264E+02
 -2.684  0.302E+02  0.302E+02
 -2.674  0.375E+02  0.375E+02
 -2.664  0.574E+02  0.574E+02
 -2.654  0.386E+02  0.386E+02
 -2.644  0.363E+02  0.363E+02
 -2.634  0.331E+02  0.331E+02
 -2.624  0.419E+02  0.419E+02
 -2.614  0.413E+02  0.413E+02
 -2.604  0.387E+02  0.387E+02
 -2.594  0.308E+02  0.308E+02
 -2.584  0.289E+02  0.289E+02
 -2.574  0.271E+02  0.271E+02
 -2.564  0.276E+02  0.276E+02
 -2.554  0.276E+02  0.276E+02
 -2.544  0.326E+02  0.326E+02
 -2.534  0.384E+02  0.384E+02
 -2.524  0.401E+02  0.401E+02
 -2.514  0.386E+02  0.386E+02
 -2.504  0.421E+02  0.421E+02
 -2.494  0.387E+02  0.387E+02
 -2.484  0.366E+02  0.366E+02
 -2.474  0.396E+02  0.396E+02
 -2.464  0.402E+02  0.402E+02
 -2.454  0.348E+02  0.348E+02
 -2.444  0.335E+02  0.335E+02
 -2.434  0.327E+02  0.327E+02
 -2.424  0.335E+02  0.335E+02
 -2.414  0.351E+02  0.351E+02
 -2.404  0.387E+02  0.387E+02
 -2.394  0.357E+02  0.357E+02
 -2.384  0.358E+02  0.358E+02
 -2.374  0.377E+02  0.377E+02
 -2.364  0.414E+02  0.414E+02
 -2.354  0.363E+02  0.363E+02
 -2.344  0.366E+02  0.366E+02
 -2.334  0.337E+02  0.337E+02
 -2.324  0.313E+02  0.313E+02
 -2.314  0.451E+02  0.451E+02
 -2.304  0.399E+02  0.399E+02
 -2.294  0.386E+02  0.386E+02
 -2.284  0.404E+02  0.404E+02
 -2.274  0.354E+02  0.354E+02
 -2.264  0.325E+02  0.325E+02
 -2.254  0.373E+02  0.373E+02
 -2.244  0.412E+02  0.412E+02
 -2.234  0.429E+02  0.429E+02
 -2.224  0.476E+02  0.476E+02
 -2.214  0.418E+02  0.418E+02
 -2.204  0.407E+02  0.407E+02
 -2.194  0.417E+02  0.417E+02
 -2.184  0.478E+02  0.477E+02
 -2.174  0.470E+02  0.470E+02
 -2.164  0.416E+02  0.416E+02
 -2.154  0.354E+02  0.354E+02
 -2.144  0.496E+02  0.496E+02
 -2.134  0.489E+02  0.489E+02
 -2.124  0.545E+02  0.545E+02
 -2.114  0.525E+02  0.525E+02
 -2.104  0.429E+02  0.429E+02
 -2.094  0.425E+02  0.425E+02
 -2.084  0.414E+02  0.414E+02
 -2.074  0.393E+02  0.393E+02
 -2.064  0.379E+02  0.379E+02
 -2.054  0.386E+02  0.386E+02
 -2.044  0.299E+02  0.299E+02
 -2.034  0.256E+02  0.256E+02
 -2.024  0.228E+02  0.228E+02
 -2.014  0.197E+02  0.197E+02
 -2.004  0.161E+02  0.161E+02
 -1.994  0.126E+02  0.126E+02
 -1.984  0.951E+01  0.951E+01
 -1.974  0.570E+01  0.570E+01
 -1.964  0.000E+00  0.000E+00
 -1.954  0.000E+00  0.000E+00
 -1.944  0.000E+00  0.000E+00
 -1.934  0.000E+00  0.000E+00
 -1.924  0.000E+00  0.000E+00
 -1.914  0.000E+00  0.000E+00
 -1.904  0.000E+00  0.000E+00
 -1.894  0.000E+00  0.000E+00
 -1.884  0.000E+00  0.000E+00
 -1.874  0.000E+00  0.000E+00
 -1.864  0.000E+00  0.000E+00
 -1.854  0.000E+00  0.000E+00
 -1.844  0.000E+00  0.000E+00
 -1.834  0.000E+00  0.000E+00
 -1.824  0.000E+00  0.000E+00
 -1.814  0.000E+00  0.000E+00
 -1.804  0.000E+00  0.000E+00
 -1.794  0.000E+00  0.000E+00
 -1.784  0.000E+00  0.000E+00
 -1.774  0.000E+00  0.000E+00
 -1.764  0.000E+00  0.000E+00
 -1.754  0.000E+00  0.000E+00
 -1.744  0.000E+00  0.000E+00
 -1.734  0.000E+00  0.000E+00
 -1.724  0.000E+00  0.000E+00
 -1.714  0.000E+00  0.000E+00
 -1.704  0.000E+00  0.000E+00
 -1.694  0.000E+00  0.000E+00
 -1.684  0.000E+00  0.000E+00
 -1.674  0.000E+00  0.000E+00
 -1.664  0.000E+00  0.000E+00
 -1.654  0.000E+00  0.000E+00
 -1.644  0.000E+00  0.000E+00
 -1.634  0.000E+00  0.000E+00
 -1.624  0.000E+00  0.000E+00
 -1.614  0.000E+00  0.000E+00
 -1.604  0.000E+00  0.000E+00
 -1.594  0.000E+00  0.000E+00
 -1.584  0.000E+00  0.000E+00
 -1.574  0.000E+00  0.000E+00
 -1.564  0.000E+00  0.000E+00
 -1.554  0.000E+00  0.000E+00
 -1.544  0.000E+00  0.000E+00
 -1.534  0.000E+00  0.000E+00
 -1.524  0.000E+00  0.000E+00
 -1.514  0.000E+00  0.000E+00
 -1.504  0.000E+00  0.000E+00
 -1.494  0.000E+00  0.000E+00
 -1.484  0.000E+00  0.000E+00
 -1.474  0.000E+00  0.000E+00
 -1.464  0.000E+00  0.000E+00
 -1.454  0.000E+00  0.000E+00
 -1.444  0.000E+00  0.000E+00
 -1.434  0.000E+00  0.000E+00
 -1.424  0.000E+00  0.000E+00
 -1.414  0.000E+00  0.000E+00
 -1.404  0.000E+00  0.000E+00
 -1.394  0.000E+00  0.000E+00
 -1.384  0.000E+00  0.000E+00
 -1.374  0.000E+00  0.000E+00
 -1.364  0.000E+00  0.000E+00
 -1.354  0.000E+00  0.000E+00
 -1.344  0.000E+00  0.000E+00
 -1.334  0.000E+00  0.000E+00
 -1.324  0.000E+00  0.000E+00
 -1.314  0.000E+00  0.000E+00
 -1.304  0.000E+00  0.000E+00
 -1.294  0.000E+00  0.000E+00
 -1.284  0.000E+00  0.000E+00
 -1.274  0.000E+00  0.000E+00
 -1.264  0.000E+00  0.000E+00
 -1.254  0.000E+00  0.000E+00
 -1.244  0.000E+00  0.000E+00
 -1.234  0.000E+00  0.000E+00
 -1.224  0.000E+00  0.000E+00
 -1.214  0.000E+00  0.000E+00
 -1.204  0.000E+00  0.000E+00
 -1.194  0.000E+00  0.000E+00
 -1.184  0.000E+00  0.000E+00
 -1.174  0.000E+00  0.000E+00
 -1.164  0.000E+00  0.000E+00
 -1.154  0.000E+00  0.000E+00
 -1.144  0.000E+00  0.000E+00
 -1.134  0.000E+00  0.000E+00
 -1.124  0.000E+00  0.000E+00
 -1.114  0.000E+00  0.000E+00
 -1.104  0.000E+00  0.000E+00
 -1.094  0.000E+00  0.000E+00
 -1.084  0.000E+00  0.000E+00
 -1.074  0.000E+00  0.000E+00
 -1.064  0.000E+00  0.000E+00
 -1.054  0.000E+00  0.000E+00
 -1.044  0.000E+00  0.000E+00
 -1.034  0.000E+00  0.000E+00
 -1.024  0.000E+00  0.000E+00
 -1.014  0.000E+00  0.000E+00
 -1.004  0.000E+00  0.000E+00
 -0.994  0.000E+00  0.000E+00
 -0.984  0.000E+00  0.000E+00
 -0.974  0.000E+00  0.000E+00
 -0.964  0.000E+00  0.000E+00
 -0.954  0.000E+00  0.000E+00
 -0.944  0.000E+00  0.000E+00
 -0.934  0.000E+00  0.000E+00
 -0.924  0.000E+00  0.000E+00
 -0.914  0.000E+00  0.000E+00
 -0.904  0.000E+00  0.000E+00
 -0.894  0.000E+00  0.000E+00
 -0.884  0.000E+00  0.000E+00
 -0.874  0.000E+00  0.000E+00
 -0.864  0.000E+00  0.000E+00
 -0.854  0.000E+00  0.000E+00
 -0.844  0.000E+00  0.000E+00
 -0.834  0.000E+00  0.000E+00
 -0.824  0.000E+00  0.000E+00
 -0.814  0.000E+00  0.000E+00
 -0.804  0.000E+00  0.000E+00
 -0.794  0.000E+00  0.000E+00
 -0.784  0.000E+00  0.000E+00
 -0.774  0.000E+00  0.000E+00
 -0.764  0.000E+00  0.000E+00
 -0.754  0.000E+00  0.000E+00
 -0.744  0.000E+00  0.000E+00
 -0.734  0.000E+00  0.000E+00
 -0.724  0.000E+00  0.000E+00
 -0.714  0.000E+00  0.000E+00
 -0.704  0.000E+00  0.000E+00
 -0.694  0.000E+00  0.000E+00
 -0.684  0.000E+00  0.000E+00
 -0.674  0.000E+00  0.000E+00
 -0.664  0.000E+00  0.000E+00
 -0.654  0.000E+00  0.000E+00
 -0.644  0.000E+00  0.000E+00
 -0.634  0.000E+00  0.000E+00
 -0.624  0.000E+00  0.000E+00
 -0.614  0.000E+00  0.000E+00
 -0.604  0.000E+00  0.000E+00
 -0.594  0.000E+00  0.000E+00
 -0.584  0.000E+00  0.000E+00
 -0.574  0.000E+00  0.000E+00
 -0.564  0.000E+00  0.000E+00
 -0.554  0.000E+00  0.000E+00
 -0.544  0.000E+00  0.000E+00
 -0.534  0.000E+00  0.000E+00
 -0.524  0.000E+00  0.000E+00
 -0.514  0.000E+00  0.000E+00
 -0.504  0.000E+00  0.000E+00
 -0.494  0.000E+00  0.000E+00
 -0.484  0.000E+00  0.000E+00
 -0.474  0.000E+00  0.000E+00
 -0.464  0.000E+00  0.000E+00
 -0.454  0.000E+00  0.000E+00
 -0.444  0.000E+00  0.000E+00
 -0.434  0.000E+00  0.000E+00
 -0.424  0.000E+00  0.000E+00
 -0.414  0.000E+00  0.000E+00
 -0.404  0.000E+00  0.000E+00
 -0.394  0.000E+00  0.000E+00
 -0.384  0.000E+00  0.000E+00
 -0.374  0.000E+00  0.000E+00
 -0.364  0.000E+00  0.000E+00
 -0.354  0.000E+00  0.000E+00
 -0.344  0.000E+00  0.000E+00
 -0.334  0.000E+00  0.000E+00
 -0.324  0.000E+00  0.000E+00
 -0.314  0.000E+00  0.000E+00
 -0.304  0.000E+00  0.000E+00
 -0.294  0.000E+00  0.000E+00
 -0.284  0.000E+00  0.000E+00
 -0.274  0.000E+00  0.000E+00
 -0.264  0.000E+00  0.000E+00
 -0.254  0.000E+00  0.000E+00
 -0.244  0.000E+00  0.000E+00
 -0.234  0.000E+00  0.000E+00
 -0.224  0.000E+00  0.000E+00
 -0.214  0.000E+00  0.000E+00
 -0.204  0.000E+00  0.000E+00
 -0.194  0.000E+00  0.000E+00
 -0.184  0.000E+00  0.000E+00
 -0.174  0.000E+00  0.000E+00
 -0.164  0.000E+00  0.000E+00
 -0.154  0.000E+00  0.000E+00
 -0.144  0.000E+00  0.000E+00
 -0.134  0.230E+02  0.242E+02
 -0.124  0.782E+02  0.740E+02
 -0.114  0.000E+00  0.000E+00
 -0.104  0.000E+00  0.000E+00
 -0.094  0.000E+00  0.000E+00
 -0.084  0.000E+00  0.000E+00
 -0.074  0.000E+00  0.000E+00
 -0.064  0.000E+00  0.000E+00
 -0.054  0.000E+00  0.000E+00
 -0.044  0.000E+00  0.000E+00
 -0.034  0.000E+00  0.000E+00
 -0.024  0.000E+00  0.000E+00
 -0.014  0.000E+00  0.000E+00
 -0.004  0.000E+00  0.000E+00
  0.006  0.000E+00  0.000E+00
  0.016  0.000E+00  0.000E+00
  0.026  0.000E+00  0.000E+00
  0.036  0.000E+00  0.000E+00
  0.046  0.000E+00  0.000E+00
  0.056  0.000E+00  0.000E+00
  0.066  0.000E+00  0.000E+00
  0.076  0.000E+00  0.000E+00
  0.086  0.000E+00  0.000E+00
  0.096  0.000E+00  0.000E+00
  0.106  0.000E+00  0.000E+00
  0.116  0.000E+00  0.000E+00
  0.126  0.000E+00  0.000E+00
  0.136  0.000E+00  0.000E+00
  0.146  0.000E+00  0.000E+00
  0.156  0.000E+00  0.000E+00
  0.166  0.000E+00  0.000E+00
  0.176  0.000E+00  0.000E+00
  0.186  0.000E+00  0.000E+00
  0.196  0.000E+00  0.000E+00
  0.206  0.000E+00  0.000E+00
  0.216  0.000E+00  0.000E+00
  0.226  0.000E+00  0.000E+00
  0.236  0.000E+00  0.000E+00
  0.246  0.000E+00  0.000E+00
  0.256  0.000E+00  0.000E+00
  0.266  0.000E+00  0.000E+00
  0.276  0.000E+00  0.000E+00
  0.286  0.000E+00  0.000E+00
  0.296  0.000E+00  0.000E+00
  0.306  0.000E+00  0.000E+00
  0.316  0.000E+00  0.000E+00
  0.326  0.000E+00  0.000E+00
  0.336  0.000E+00  0.000E+00
  0.346  0.000E+00  0.000E+00
  0.356  0.000E+00  0.000E+00
  0.366  0.000E+00  0.000E+00
  0.376  0.000E+00  0.000E+00
  0.386  0.000E+00  0.000E+00
  0.396  0.000E+00  0.000E+00
  0.406  0.000E+00  0.000E+00
  0.416  0.000E+00  0.000E+00
  0.426  0.000E+00  0.000E+00
  0.436  0.000E+00  0.000E+00
  0.446  0.000E+00  0.000E+00
  0.456  0.000E+00  0.000E+00
  0.466  0.000E+00  0.000E+00
  0.476  0.000E+00  0.000E+00
  0.486  0.000E+00  0.000E+00
  0.496  0.000E+00  0.000E+00
  0.506  0.000E+00  0.000E+00
  0.516  0.000E+00  0.000E+00
  0.526  0.000E+00  0.000E+00
  0.536  0.000E+00  0.000E+00
  0.546  0.000E+00  0.000E+00
  0.556  0.000E+00  0.000E+00
  0.566  0.000E+00  0.000E+00
  0.576  0.000E+00  0.000E+00
  0.586  0.000E+00  0.000E+00
  0.596  0.000E+00  0.000E+00
  0.606  0.000E+00  0.000E+00
  0.616  0.000E+00  0.000E+00
  0.626  0.000E+00  0.000E+00
  0.636  0.000E+00  0.000E+00
  0.646  0.000E+00  0.000E+00
  0.656  0.000E+00  0.000E+00
  0.666  0.000E+00  0.000E+00
  0.676  0.000E+00  0.000E+00
  0.686  0.000E+00  0.000E+00
  0.696  0.000E+00  0.000E+00
  0.706  0.000E+00  0.000E+00
  0.716  0.000E+00  0.000E+00
  0.726  0.000E+00  0.000E+00
  0.736  0.000E+00  0.000E+00
  0.746  0.000E+00  0.000E+00
  0.756  0.000E+00  0.000E+00
  0.766  0.000E+00  0.000E+00
  0.776  0.000E+00  0.000E+00
  0.786  0.000E+00  0.000E+00
  0.796  0.000E+00  0.000E+00
  0.806  0.000E+00  0.000E+00
  0.816  0.000E+00  0.000E+00
  0.826  0.000E+00  0.000E+00
  0.836  0.000E+00  0.000E+00
  0.846  0.000E+00  0.000E+00
  0.856  0.000E+00  0.000E+00
  0.866  0.000E+00  0.000E+00
  0.876  0.000E+00  0.000E+00
  0.886  0.000E+00  0.000E+00
  0.896  0.000E+00  0.000E+00
  0.906  0.000E+00  0.000E+00
  0.916  0.000E+00  0.000E+00
  0.926  0.000E+00  0.000E+00
  0.936  0.000E+00  0.000E+00
  0.946  0.000E+00  0.000E+00
  0.956  0.000E+00  0.000E+00
  0.966  0.000E+00  0.000E+00
  0.976  0.000E+00  0.000E+00
  0.986  0.000E+00  0.000E+00
  0.996  0.000E+00  0.000E+00
  1.006  0.000E+00  0.000E+00
  1.016  0.000E+00  0.000E+00
  1.026  0.000E+00  0.000E+00
  1.036  0.000E+00  0.000E+00
  1.046  0.000E+00  0.000E+00
  1.056  0.000E+00  0.000E+00
  1.066  0.000E+00  0.000E+00
  1.076  0.000E+00  0.000E+00
  1.086  0.000E+00  0.000E+00
  1.096  0.000E+00  0.000E+00
  1.106  0.000E+00  0.000E+00
  1.116  0.000E+00  0.000E+00
  1.126  0.000E+00  0.000E+00
  1.136  0.000E+00  0.000E+00
  1.146  0.000E+00  0.000E+00
  1.156  0.000E+00  0.000E+00
  1.166  0.000E+00  0.000E+00
  1.176  0.000E+00  0.000E+00
  1.186  0.000E+00  0.000E+00
  1.196  0.000E+00  0.000E+00
  1.206  0.000E+00  0.000E+00
  1.216  0.000E+00  0.000E+00
  1.226  0.000E+00  0.000E+00
  1.236  0.000E+00  0.000E+00
  1.246  0.000E+00  0.000E+00
  1.256  0.000E+00  0.000E+00
  1.266  0.000E+00  0.000E+00
  1.276  0.000E+00  0.000E+00
  1.286  0.000E+00  0.000E+00
  1.296  0.000E+00  0.000E+00
  1.306  0.000E+00  0.000E+00
  1.316  0.000E+00  0.000E+00
  1.326  0.000E+00  0.000E+00
  1.336  0.000E+00  0.000E+00
  1.346  0.000E+00  0.000E+00
  1.356  0.000E+00  0.000E+00
  1.366  0.000E+00  0.000E+00
  1.376  0.000E+00  0.000E+00
  1.386  0.000E+00  0.000E+00
  1.396  0.000E+00  0.000E+00
  1.406  0.000E+00  0.000E+00
  1.416  0.000E+00  0.000E+00
  1.426  0.000E+00  0.000E+00
  1.436  0.000E+00  0.000E+00
  1.446  0.000E+00  0.000E+00
  1.456  0.000E+00  0.000E+00
  1.466  0.000E+00  0.000E+00
  1.476  0.000E+00  0.000E+00
  1.486  0.000E+00  0.000E+00
  1.496  0.000E+00  0.000E+00
  1.506  0.000E+00  0.000E+00
  1.516  0.000E+00  0.000E+00
  1.526  0.000E+00  0.000E+00
  1.536  0.000E+00  0.000E+00
  1.546  0.000E+00  0.000E+00
  1.556  0.000E+00  0.000E+00
  1.566  0.000E+00  0.000E+00
  1.576  0.000E+00  0.000E+00
  1.586  0.000E+00  0.000E+00
  1.596  0.000E+00  0.000E+00
  1.606  0.000E+00  0.000E+00
  1.616  0.000E+00  0.000E+00
  1.626  0.000E+00  0.000E+00
  1.636  0.000E+00  0.000E+00
  1.646  0.000E+00  0.000E+00
  1.656  0.000E+00  0.000E+00
  1.666  0.000E+00  0.000E+00
  1.676  0.000E+00  0.000E+00
  1.686  0.000E+00  0.000E+00
  1.696  0.000E+00  0.000E+00
  1.706  0.000E+00  0.000E+00
  1.716  0.000E+00  0.000E+00
  1.726  0.000E+00  0.000E+00
  1.736  0.000E+00  0.000E+00
  1.746  0.000E+00  0.000E+00
  1.756  0.000E+00  0.000E+00
  1.766  0.000E+00  0.000E+00
  1.776  0.000E+00  0.000E+00
  1.786  0.000E+00  0.000E+00
  1.796  0.000E+00  0.000E+00
  1.806  0.000E+00  0.000E+00
  1.816  0.000E+00  0.000E+00
  1.826  0.000E+00  0.000E+00
  1.836  0.000E+00  0.000E+00
  1.846  0.000E+00  0.000E+00
  1.856  0.000E+00  0.000E+00
  1.866  0.000E+00  0.000E+00
  1.876  0.000E+00  0.000E+00
  1.886  0.000E+00  0.000E+00
  1.896  0.000E+00  0.000E+00
  1.906  0.000E+00  0.000E+00
  1.916  0.000E+00  0.000E+00
  1.926  0.000E+00  0.000E+00
  1.936  0.000E+00  0.000E+00
  1.946  0.000E+00  0.000E+00
  1.956  0.000E+00  0.000E+00
  1.966  0.000E+00  0.000E+00
  1.976  0.000E+00  0.000E+00
  1.986  0.000E+00  0.000E+00
  1.996  0.000E+00  0.000E+00
  2.006  0.000E+00  0.000E+00
  2.016  0.000E+00  0.000E+00
  2.026  0.000E+00  0.000E+00
  2.036  0.000E+00  0.000E+00
  2.046  0.000E+00  0.000E+00
  2.056  0.000E+00  0.000E+00
  2.066  0.000E+00  0.000E+00
  2.076  0.000E+00  0.000E+00
  2.086  0.000E+00  0.000E+00
  2.096  0.000E+00  0.000E+00
  2.106  0.000E+00  0.000E+00
  2.116  0.000E+00  0.000E+00
  2.126  0.000E+00  0.000E+00
  2.136  0.000E+00  0.000E+00
  2.146  0.000E+00  0.000E+00
  2.156  0.000E+00  0.000E+00
  2.166  0.000E+00  0.000E+00
  2.176  0.000E+00  0.000E+00
  2.186  0.000E+00  0.000E+00
  2.196  0.000E+00  0.000E+00
  2.206  0.000E+00  0.000E+00
  2.216  0.000E+00  0.000E+00
  2.226  0.000E+00  0.000E+00
  2.236  0.000E+00  0.000E+00
  2.246  0.000E+00  0.000E+00
  2.256  0.000E+00  0.000E+00
  2.266  0.000E+00  0.000E+00
  2.276  0.000E+00  0.000E+00
  2.286  0.000E+00  0.000E+00
  2.296  0.000E+00  0.000E+00
  2.306  0.000E+00  0.000E+00
  2.316  0.000E+00  0.000E+00
  2.326  0.000E+00  0.000E+00
  2.336  0.000E+00  0.000E+00
  2.346  0.000E+00  0.000E+00
  2.356  0.000E+00  0.000E+00
  2.366  0.000E+00  0.000E+00
  2.376  0.000E+00  0.000E+00
  2.386  0.000E+00  0.000E+00
  2.396  0.521E-02  0.521E-02
  2.406  0.640E-01  0.640E-01
  2.416  0.188E+00  0.188E+00
  2.426  0.270E+00  0.270E+00
  2.436  0.358E+00  0.358E+00
  2.446  0.452E+00  0.452E+00
  2.456  0.552E+00  0.552E+00
  2.466  0.657E+00  0.657E+00
  2.476  0.760E+00  0.760E+00
  2.486  0.857E+00  0.857E+00
  2.496  0.951E+00  0.951E+00
  2.506  0.105E+01  0.105E+01
  2.516  0.115E+01  0.115E+01
  2.526  0.123E+01  0.123E+01
  2.536  0.127E+01  0.127E+01
  2.546  0.131E+01  0.131E+01
  2.556  0.136E+01  0.136E+01
  2.566  0.140E+01  0.140E+01
  2.576  0.145E+01  0.145E+01
  2.586  0.150E+01  0.150E+01
  2.596  0.155E+01  0.155E+01
  2.606  0.161E+01  0.161E+01
  2.616  0.170E+01  0.170E+01
  2.626  0.181E+01  0.181E+01
  2.636  0.194E+01  0.194E+01
  2.646  0.210E+01  0.210E+01
  2.656  0.228E+01  0.228E+01
  2.666  0.251E+01  0.251E+01
  2.676  0.293E+01  0.293E+01
  2.686  0.395E+01  0.395E+01
  2.696  0.534E+01  0.534E+01
  2.706  0.639E+01  0.639E+01
  2.716  0.710E+01  0.710E+01
  2.726  0.784E+01  0.784E+01
  2.736  0.847E+01  0.847E+01
  2.746  0.940E+01  0.940E+01
  2.756  0.994E+01  0.994E+01
  2.766  0.102E+02  0.102E+02
  2.776  0.104E+02  0.104E+02
  2.786  0.107E+02  0.107E+02
  2.796  0.114E+02  0.114E+02
  2.806  0.134E+02  0.134E+02
  2.816  0.151E+02  0.151E+02
  2.826  0.157E+02  0.157E+02
  2.836  0.153E+02  0.153E+02
  2.846  0.151E+02  0.151E+02
  2.856  0.148E+02  0.148E+02
  2.866  0.148E+02  0.148E+02
  2.876  0.148E+02  0.148E+02
  2.886  0.150E+02  0.150E+02
  2.896  0.151E+02  0.151E+02
  2.906  0.154E+02  0.154E+02
  2.916  0.163E+02  0.163E+02
  2.926  0.176E+02  0.176E+02
  2.936  0.183E+02  0.183E+02
  2.946  0.193E+02  0.193E+02
  2.956  0.181E+02  0.181E+02
  2.966  0.189E+02  0.189E+02
  2.976  0.198E+02  0.198E+02
  2.986  0.211E+02  0.211E+02
  2.996  0.229E+02  0.229E+02
  3.006  0.237E+02  0.237E+02
  3.016  0.237E+02  0.237E+02
  3.026  0.243E+02  0.243E+02
  3.036  0.252E+02  0.252E+02
  3.046  0.251E+02  0.251E+02
  3.056  0.247E+02  0.247E+02
  3.066  0.245E+02  0.245E+02
  3.076  0.251E+02  0.251E+02
  3.086  0.256E+02  0.256E+02
  3.096  0.261E+02  0.261E+02
  3.106  0.266E+02  0.266E+02
  3.116  0.269E+02  0.269E+02
  3.126  0.279E+02  0.279E+02
  3.136  0.296E+02  0.296E+02
  3.146  0.316E+02  0.316E+02
  3.156  0.331E+02  0.331E+02
  3.166  0.345E+02  0.345E+02
  3.176  0.349E+02  0.349E+02
  3.186  0.348E+02  0.348E+02
  3.196  0.346E+02  0.346E+02
  3.206  0.344E+02  0.344E+02
  3.216  0.334E+02  0.334E+02
  3.226  0.339E+02  0.339E+02
  3.236  0.315E+02  0.315E+02
  3.246  0.306E+02  0.306E+02
  3.256  0.314E+02  0.314E+02
  3.266  0.321E+02  0.321E+02
  3.276  0.320E+02  0.320E+02
  3.286  0.322E+02  0.322E+02
  3.296  0.315E+02  0.315E+02
  3.306  0.316E+02  0.316E+02
  3.316  0.332E+02  0.332E+02
  3.326  0.347E+02  0.347E+02
  3.336  0.369E+02  0.369E+02
  3.346  0.372E+02  0.372E+02
  3.356  0.376E+02  0.376E+02
  3.366  0.369E+02  0.369E+02
  3.376  0.346E+02  0.346E+02
  3.386  0.356E+02  0.356E+02
  3.396  0.372E+02  0.372E+02
  3.406  0.381E+02  0.381E+02
  3.416  0.392E+02  0.392E+02
  3.426  0.392E+02  0.392E+02
  3.436  0.423E+02  0.423E+02
  3.446  0.415E+02  0.415E+02
  3.456  0.411E+02  0.411E+02
  3.466  0.354E+02  0.354E+02
  3.476  0.341E+02  0.341E+02
  3.486  0.354E+02  0.354E+02
  3.496  0.354E+02  0.354E+02
  3.506  0.327E+02  0.327E+02
  3.516  0.332E+02  0.332E+02
  3.526  0.353E+02  0.353E+02
  3.536  0.340E+02  0.340E+02
  3.546  0.323E+02  0.323E+02
  3.556  0.324E+02  0.324E+02
  3.566  0.341E+02  0.341E+02
  3.576  0.366E+02  0.366E+02
  3.586  0.304E+02  0.304E+02
  3.596  0.281E+02  0.281E+02
  3.606  0.236E+02  0.236E+02
  3.616  0.222E+02  0.222E+02
  3.626  0.237E+02  0.237E+02
  3.636  0.243E+02  0.243E+02
  3.646  0.236E+02  0.236E+02
  3.656  0.216E+02  0.216E+02
  3.666  0.208E+02  0.208E+02
  3.676  0.219E+02  0.219E+02
  3.686  0.202E+02  0.202E+02
  3.696  0.210E+02  0.210E+02
  3.706  0.222E+02  0.222E+02
  3.716  0.220E+02  0.220E+02
  3.726  0.213E+02  0.213E+02
  3.736  0.199E+02  0.199E+02
  3.746  0.206E+02  0.206E+02
  3.756  0.208E+02  0.208E+02
  3.766  0.208E+02  0.208E+02
  3.776  0.204E+02  0.204E+02
  3.786  0.198E+02  0.198E+02
  3.796  0.196E+02  0.196E+02
  3.806  0.185E+02  0.185E+02
  3.816  0.170E+02  0.170E+02
  3.826  0.166E+02  0.166E+02
  3.836  0.165E+02  0.165E+02
  3.846  0.152E+02  0.152E+02
  3.856  0.159E+02  0.159E+02
  3.866  0.163E+02  0.163E+02
  3.876  0.165E+02  0.165E+02
  3.886  0.159E+02  0.159E+02
  3.896  0.151E+02  0.151E+02
  3.906  0.150E+02  0.150E+02
  3.916  0.160E+02  0.160E+02
  3.926  0.175E+02  0.175E+02
  3.936  0.190E+02  0.190E+02
  3.946  0.205E+02  0.205E+02
  3.956  0.206E+02  0.206E+02
  3.966  0.201E+02  0.201E+02
  3.976  0.194E+02  0.194E+02
  3.986  0.206E+02  0.206E+02
  3.996  0.201E+02  0.201E+02
  4.006  0.194E+02  0.194E+02
  4.016  0.192E+02  0.192E+02
  4.026  0.229E+02  0.229E+02
  4.036  0.226E+02  0.226E+02
  4.046  0.221E+02  0.221E+02
  4.056  0.203E+02  0.203E+02
  4.066  0.202E+02  0.202E+02
  4.076  0.202E+02  0.202E+02
  4.086  0.200E+02  0.200E+02
  4.096  0.197E+02  0.197E+02
  4.106  0.192E+02  0.192E+02
  4.116  0.239E+02  0.239E+02
  4.126  0.291E+02  0.291E+02
  4.136  0.231E+02  0.231E+02
  4.146  0.204E+02  0.204E+02
  4.156  0.213E+02  0.213E+02
  4.166  0.196E+02  0.196E+02
  4.176  0.187E+02  0.187E+02
  4.186  0.231E+02  0.231E+02
  4.196  0.212E+02  0.212E+02
  4.206  0.190E+02  0.190E+02
  4.216  0.174E+02  0.174E+02
  4.226  0.167E+02  0.167E+02
  4.236  0.171E+02  0.171E+02
  4.246  0.174E+02  0.174E+02
  4.256  0.156E+02  0.156E+02
  4.266  0.128E+02  0.128E+02
  4.276  0.121E+02  0.121E+02
  4.286  0.117E+02  0.117E+02
  4.296  0.116E+02  0.116E+02
  4.306  0.116E+02  0.116E+02
  4.316  0.114E+02  0.114E+02
  4.326  0.114E+02  0.114E+02
  4.336  0.107E+02  0.107E+02
  4.346  0.105E+02  0.105E+02
  4.356  0.105E+02  0.105E+02
  4.366  0.107E+02  0.107E+02
  4.376  0.113E+02  0.113E+02
  4.386  0.125E+02  0.125E+02
  4.396  0.162E+02  0.162E+02
  4.406  0.150E+02  0.150E+02
  4.416  0.157E+02  0.157E+02
  4.426  0.157E+02  0.157E+02
  4.436  0.163E+02  0.163E+02
  4.446  0.153E+02  0.153E+02
  4.456  0.133E+02  0.133E+02
  4.466  0.123E+02  0.123E+02
  4.476  0.121E+02  0.121E+02
  4.486  0.124E+02  0.124E+02
  4.496  0.120E+02  0.120E+02
  4.506  0.118E+02  0.118E+02
  4.516  0.115E+02  0.115E+02
  4.526  0.115E+02  0.115E+02
  4.536  0.114E+02  0.114E+02
  4.546  0.114E+02  0.114E+02
  4.556  0.111E+02  0.111E+02
  4.566  0.113E+02  0.113E+02
  4.576  0.117E+02  0.117E+02
  4.586  0.121E+02  0.121E+02
  4.596  0.126E+02  0.126E+02
  4.606  0.151E+02  0.151E+02
  4.616  0.132E+02  0.132E+02
  4.626  0.130E+02  0.130E+02
  4.636  0.129E+02  0.129E+02
  4.646  0.131E+02  0.131E+02
  4.656  0.132E+02  0.132E+02
  4.666  0.131E+02  0.131E+02
  4.676  0.134E+02  0.134E+02
  4.686  0.136E+02  0.136E+02
  4.696  0.131E+02  0.131E+02
  4.706  0.129E+02  0.129E+02
  4.716  0.129E+02  0.129E+02
  4.726  0.128E+02  0.128E+02
  4.736  0.126E+02  0.126E+02
  4.746  0.122E+02  0.122E+02
  4.756  0.120E+02  0.120E+02
  4.766  0.118E+02  0.118E+02
  4.776  0.117E+02  0.117E+02
  4.786  0.117E+02  0.117E+02
  4.796  0.117E+02  0.117E+02
  4.806  0.117E+02  0.117E+02
  4.816  0.118E+02  0.118E+02
  4.826  0.118E+02  0.118E+02
  4.836  0.120E+02  0.120E+02
  4.846  0.122E+02  0.122E+02
  4.856  0.125E+02  0.125E+02
  4.866  0.131E+02  0.131E+02
  4.876  0.120E+02  0.120E+02
  4.886  0.119E+02  0.119E+02
  4.896  0.117E+02  0.117E+02
  4.906  0.116E+02  0.116E+02
  4.916  0.116E+02  0.116E+02
  4.926  0.115E+02  0.115E+02
  4.936  0.114E+02  0.114E+02
  4.946  0.115E+02  0.115E+02
  4.956  0.115E+02  0.115E+02
  4.966  0.116E+02  0.116E+02
  4.976  0.116E+02  0.116E+02
  4.986  0.117E+02  0.117E+02
  4.996  0.118E+02  0.118E+02
  5.006  0.119E+02  0.119E+02
  5.016  0.120E+02  0.120E+02
  5.026  0.122E+02  0.122E+02
  5.036  0.124E+02  0.124E+02
  5.046  0.128E+02  0.128E+02
  5.056  0.133E+02  0.133E+02
  5.066  0.137E+02  0.137E+02
  5.076  0.140E+02  0.140E+02
  5.086  0.144E+02  0.144E+02
  5.096  0.146E+02  0.146E+02
  5.106  0.155E+02  0.155E+02
  5.116  0.164E+02  0.164E+02
  5.126  0.172E+02  0.172E+02
  5.136  0.182E+02  0.182E+02
  5.146  0.200E+02  0.200E+02
  5.156  0.207E+02  0.207E+02
  5.166  0.216E+02  0.216E+02
  5.176  0.223E+02  0.223E+02
  5.186  0.223E+02  0.223E+02
  5.196  0.222E+02  0.222E+02
  5.206  0.219E+02  0.219E+02
  5.216  0.224E+02  0.224E+02
  5.226  0.232E+02  0.232E+02
  5.236  0.228E+02  0.228E+02
  5.246  0.229E+02  0.229E+02
  5.256  0.232E+02  0.232E+02
  5.266  0.238E+02  0.238E+02
  5.276  0.235E+02  0.235E+02
  5.286  0.233E+02  0.233E+02
  5.296  0.234E+02  0.234E+02
  5.306  0.236E+02  0.236E+02
  5.316  0.233E+02  0.233E+02
  5.326  0.230E+02  0.230E+02
  5.336  0.224E+02  0.224E+02
  5.346  0.215E+02  0.215E+02
  5.356  0.206E+02  0.206E+02
  5.366  0.202E+02  0.202E+02
  5.376  0.199E+02  0.199E+02
  5.386  0.196E+02  0.196E+02
  5.396  0.188E+02  0.188E+02
  5.406  0.174E+02  0.174E+02
  5.416  0.177E+02  0.177E+02
  5.426  0.166E+02  0.166E+02
  5.436  0.163E+02  0.163E+02
  5.446  0.165E+02  0.165E+02
  5.456  0.172E+02  0.172E+02
  5.466  0.178E+02  0.178E+02
  5.476  0.178E+02  0.178E+02
  5.486  0.174E+02  0.174E+02
  5.496  0.174E+02  0.174E+02
  5.506  0.174E+02  0.174E+02
  5.516  0.173E+02  0.173E+02
  5.526  0.174E+02  0.174E+02
  5.536  0.177E+02  0.177E+02
  5.546  0.178E+02  0.178E+02
  5.556  0.178E+02  0.178E+02
  5.566  0.179E+02  0.179E+02
  5.576  0.180E+02  0.180E+02
  5.586  0.182E+02  0.182E+02
  5.596  0.182E+02  0.182E+02
  5.606  0.187E+02  0.187E+02
  5.616  0.192E+02  0.192E+02
  5.626  0.189E+02  0.189E+02
  5.636  0.190E+02  0.190E+02
  5.646  0.191E+02  0.191E+02
  5.656  0.194E+02  0.194E+02
  5.666  0.196E+02  0.196E+02
  5.676  0.197E+02  0.197E+02
  5.686  0.198E+02  0.198E+02
  5.696  0.199E+02  0.199E+02
  5.706  0.199E+02  0.199E+02
  5.716  0.200E+02  0.200E+02
  5.726  0.201E+02  0.201E+02
  5.736  0.205E+02  0.205E+02
  5.746  0.212E+02  0.212E+02
  5.756  0.210E+02  0.210E+02
  5.766  0.207E+02  0.207E+02
  5.776  0.211E+02  0.211E+02
  5.786  0.214E+02  0.214E+02
  5.796  0.219E+02  0.219E+02
  5.806  0.223E+02  0.223E+02
  5.816  0.219E+02  0.219E+02
  5.826  0.220E+02  0.220E+02
  5.836  0.222E+02  0.222E+02
  5.846  0.221E+02  0.221E+02
  5.856  0.217E+02  0.217E+02
  5.866  0.212E+02  0.212E+02
  5.876  0.204E+02  0.204E+02
  5.886  0.198E+02  0.198E+02
  5.896  0.193E+02  0.193E+02
  5.906  0.192E+02  0.192E+02
  5.916  0.191E+02  0.191E+02
  5.926  0.192E+02  0.192E+02
  5.936  0.195E+02  0.195E+02
  5.946  0.197E+02  0.197E+02
  5.956  0.199E+02  0.199E+02
  5.966  0.203E+02  0.203E+02
  5.976  0.207E+02  0.207E+02
  5.986  0.203E+02  0.203E+02
  5.996  0.191E+02  0.191E+02
  6.006  0.190E+02  0.190E+02
  6.016  0.191E+02  0.191E+02
  6.026  0.187E+02  0.187E+02
  6.036  0.187E+02  0.187E+02
  6.046  0.192E+02  0.192E+02
  6.056  0.201E+02  0.201E+02
  6.066  0.210E+02  0.210E+02
  6.076  0.225E+02  0.225E+02
  6.086  0.238E+02  0.238E+02
  6.096  0.247E+02  0.247E+02
  6.106  0.246E+02  0.246E+02
  6.116  0.254E+02  0.254E+02
  6.126  0.252E+02  0.252E+02
  6.136  0.245E+02  0.245E+02
  6.146  0.240E+02  0.240E+02
  6.156  0.236E+02  0.236E+02
  6.166  0.242E+02  0.242E+02
  6.176  0.245E+02  0.245E+02
  6.186  0.240E+02  0.240E+02
  6.196  0.239E+02  0.239E+02
  6.206  0.233E+02  0.233E+02
  6.216  0.235E+02  0.235E+02
  6.226  0.231E+02  0.231E+02
  6.236  0.226E+02  0.226E+02
  6.246  0.230E+02  0.230E+02
  6.256  0.231E+02  0.231E+02
  6.266  0.235E+02  0.235E+02
  6.276  0.236E+02  0.236E+02
  6.286  0.239E+02  0.239E+02
  6.296  0.241E+02  0.241E+02
  6.306  0.278E+02  0.278E+02
  6.316  0.273E+02  0.273E+02
  6.326  0.260E+02  0.260E+02
  6.336  0.222E+02  0.222E+02
  6.346  0.202E+02  0.202E+02
  6.356  0.208E+02  0.208E+02
  6.366  0.207E+02  0.207E+02
  6.376  0.196E+02  0.196E+02
  6.386  0.209E+02  0.209E+02
  6.396  0.218E+02  0.218E+02
  6.406  0.223E+02  0.223E+02
  6.416  0.229E+02  0.229E+02
  6.426  0.234E+02  0.234E+02
  6.436  0.228E+02  0.228E+02
  6.446  0.239E+02  0.239E+02
  6.456  0.252E+02  0.252E+02
  6.466  0.216E+02  0.216E+02
  6.476  0.220E+02  0.220E+02
  6.486  0.233E+02  0.233E+02
  6.496  0.246E+02  0.246E+02
  6.506  0.252E+02  0.252E+02
  6.516  0.253E+02  0.253E+02
  6.526  0.261E+02  0.261E+02
  6.536  0.279E+02  0.279E+02
  6.546  0.287E+02  0.287E+02
  6.556  0.268E+02  0.268E+02
  6.566  0.281E+02  0.281E+02
  6.576  0.315E+02  0.315E+02
  6.586  0.271E+02  0.271E+02
  6.596  0.278E+02  0.278E+02
  6.606  0.269E+02  0.269E+02
  6.616  0.284E+02  0.284E+02
  6.626  0.281E+02  0.281E+02
  6.636  0.335E+02  0.335E+02
  6.646  0.309E+02  0.309E+02
  6.656  0.312E+02  0.312E+02
  6.666  0.309E+02  0.309E+02
  6.676  0.316E+02  0.316E+02
  6.686  0.318E+02  0.318E+02
  6.696  0.317E+02  0.317E+02
  6.706  0.311E+02  0.312E+02
  6.716  0.332E+02  0.332E+02
  6.726  0.346E+02  0.346E+02
  6.736  0.340E+02  0.340E+02
  6.746  0.317E+02  0.317E+02
  6.756  0.291E+02  0.291E+02
  6.766  0.269E+02  0.269E+02
  6.776  0.261E+02  0.261E+02
  6.786  0.250E+02  0.250E+02
  6.796  0.238E+02  0.238E+02
  6.806  0.235E+02  0.235E+02
  6.816  0.239E+02  0.239E+02
  6.826  0.244E+02  0.244E+02
  6.836  0.249E+02  0.249E+02
  6.846  0.277E+02  0.277E+02
  6.856  0.292E+02  0.292E+02
  6.866  0.304E+02  0.304E+02
  6.876  0.347E+02  0.347E+02
  6.886  0.373E+02  0.373E+02
  6.896  0.400E+02  0.400E+02
  6.906  0.399E+02  0.399E+02
  6.916  0.375E+02  0.375E+02
  6.926  0.351E+02  0.351E+02
  6.936  0.328E+02  0.328E+02
  6.946  0.327E+02  0.327E+02
  6.956  0.332E+02  0.332E+02
  6.966  0.338E+02  0.338E+02
  6.976  0.349E+02  0.349E+02
  6.986  0.351E+02  0.351E+02
  6.996  0.322E+02  0.322E+02
  7.006  0.332E+02  0.332E+02
  7.016  0.328E+02  0.328E+02
  7.026  0.318E+02  0.318E+02
  7.036  0.312E+02  0.312E+02
  7.046  0.310E+02  0.310E+02
  7.056  0.302E+02  0.302E+02
  7.066  0.288E+02  0.288E+02
  7.076  0.281E+02  0.281E+02
  7.086  0.276E+02  0.276E+02
  7.096  0.271E+02  0.271E+02
  7.106  0.271E+02  0.271E+02
  7.116  0.274E+02  0.274E+02
  7.126  0.280E+02  0.280E+02
  7.136  0.290E+02  0.290E+02
  7.146  0.302E+02  0.302E+02
  7.156  0.323E+02  0.323E+02
  7.166  0.356E+02  0.356E+02
  7.176  0.390E+02  0.391E+02
  7.186  0.420E+02  0.420E+02
  7.196  0.451E+02  0.451E+02
  7.206  0.468E+02  0.468E+02
  7.216  0.456E+02  0.456E+02
  7.226  0.413E+02  0.413E+02
  7.236  0.412E+02  0.412E+02
  7.246  0.411E+02  0.411E+02
  7.256  0.401E+02  0.401E+02
  7.266  0.397E+02  0.397E+02
  7.276  0.398E+02  0.398E+02
  7.286  0.402E+02  0.402E+02
  7.296  0.399E+02  0.399E+02
  7.306  0.395E+02  0.395E+02
  7.316  0.404E+02  0.404E+02
  7.326  0.401E+02  0.401E+02
  7.336  0.386E+02  0.386E+02
  7.346  0.374E+02  0.374E+02
  7.356  0.366E+02  0.366E+02
  7.366  0.352E+02  0.352E+02
  7.376  0.340E+02  0.340E+02
  7.386  0.333E+02  0.333E+02
  7.396  0.325E+02  0.325E+02
  7.406  0.328E+02  0.328E+02
  7.416  0.343E+02  0.343E+02
  7.426  0.383E+02  0.383E+02
  7.436  0.380E+02  0.380E+02
  7.446  0.382E+02  0.382E+02
  7.456  0.386E+02  0.386E+02
  7.466  0.368E+02  0.368E+02
  7.476  0.362E+02  0.362E+02
  7.486  0.395E+02  0.395E+02
  7.496  0.433E+02  0.433E+02
  7.506  0.458E+02  0.458E+02
  7.516  0.423E+02  0.423E+02
  7.526  0.395E+02  0.395E+02
  7.536  0.409E+02  0.409E+02
  7.546  0.403E+02  0.403E+02
  7.556  0.411E+02  0.411E+02
  7.566  0.422E+02  0.422E+02
  7.576  0.401E+02  0.400E+02
  7.586  0.395E+02  0.395E+02
  7.596  0.438E+02  0.438E+02
  7.606  0.412E+02  0.412E+02
  7.616  0.395E+02  0.395E+02
  7.626  0.401E+02  0.401E+02
  7.636  0.435E+02  0.435E+02
  7.646  0.439E+02  0.439E+02
  7.656  0.464E+02  0.464E+02
  7.666  0.479E+02  0.479E+02
  7.676  0.465E+02  0.465E+02
  7.686  0.444E+02  0.444E+02
  7.696  0.464E+02  0.464E+02
  7.706  0.452E+02  0.452E+02
  7.716  0.445E+02  0.445E+02
  7.726  0.466E+02  0.466E+02
  7.736  0.468E+02  0.468E+02
  7.746  0.436E+02  0.436E+02
  7.756  0.422E+02  0.422E+02
  7.766  0.447E+02  0.447E+02
  7.776  0.490E+02  0.490E+02
  7.786  0.530E+02  0.530E+02
  7.796  0.530E+02  0.530E+02
  7.806  0.558E+02  0.558E+02
  7.816  0.598E+02  0.598E+02
  7.826  0.604E+02  0.604E+02
  7.836  0.624E+02  0.624E+02
  7.846  0.599E+02  0.599E+02
  7.856  0.610E+02  0.610E+02
  7.866  0.556E+02  0.556E+02
  7.876  0.540E+02  0.540E+02
  7.886  0.523E+02  0.523E+02
  7.896  0.499E+02  0.499E+02
  7.906  0.477E+02  0.477E+02
  7.916  0.449E+02  0.449E+02
  7.926  0.432E+02  0.432E+02
  7.936  0.416E+02  0.416E+02
  7.946  0.408E+02  0.408E+02
  7.956  0.401E+02  0.401E+02
  7.966  0.397E+02  0.397E+02
  7.976  0.393E+02  0.393E+02
  7.986  0.385E+02  0.385E+02
  7.996  0.399E+02  0.399E+02
  8.006  0.412E+02  0.412E+02
  8.016  0.419E+02  0.419E+02
  8.026  0.419E+02  0.419E+02
  8.036  0.424E+02  0.424E+02
  8.046  0.431E+02  0.431E+02
  8.056  0.400E+02  0.400E+02
  8.066  0.385E+02  0.385E+02
  8.076  0.360E+02  0.360E+02
  8.086  0.352E+02  0.352E+02
  8.096  0.349E+02  0.349E+02
  8.106  0.357E+02  0.357E+02
  8.116  0.361E+02  0.361E+02
  8.126  0.368E+02  0.368E+02
  8.136  0.421E+02  0.421E+02
  8.146  0.413E+02  0.413E+02
  8.156  0.400E+02  0.400E+02
  8.166  0.391E+02  0.390E+02
  8.176  0.356E+02  0.356E+02
  8.186  0.305E+02  0.305E+02
  8.196  0.279E+02  0.279E+02
  8.206  0.290E+02  0.290E+02
  8.216  0.334E+02  0.334E+02
  8.226  0.369E+02  0.369E+02
  8.236  0.349E+02  0.349E+02
  8.246  0.340E+02  0.340E+02
  8.256  0.318E+02  0.318E+02
  8.266  0.296E+02  0.296E+02
  8.276  0.285E+02  0.285E+02
  8.286  0.294E+02  0.294E+02
  8.296  0.330E+02  0.330E+02
  8.306  0.340E+02  0.340E+02
  8.316  0.328E+02  0.328E+02
  8.326  0.325E+02  0.325E+02
  8.336  0.310E+02  0.310E+02
  8.346  0.297E+02  0.297E+02
  8.356  0.288E+02  0.288E+02
  8.366  0.294E+02  0.294E+02
  8.376  0.292E+02  0.292E+02
  8.386  0.243E+02  0.243E+02
  8.396  0.215E+02  0.215E+02
  8.406  0.198E+02  0.198E+02
  8.416  0.244E+02  0.244E+02
  8.426  0.232E+02  0.232E+02
  8.436  0.253E+02  0.253E+02
  8.446  0.250E+02  0.250E+02
  8.456  0.218E+02  0.218E+02
  8.466  0.198E+02  0.198E+02
  8.476  0.183E+02  0.183E+02
  8.486  0.166E+02  0.166E+02
  8.496  0.176E+02  0.176E+02
  8.506  0.201E+02  0.202E+02
  8.516  0.222E+02  0.222E+02
  8.526  0.218E+02  0.218E+02
  8.536  0.210E+02  0.210E+02
  8.546  0.200E+02  0.200E+02
  8.556  0.200E+02  0.200E+02
  8.566  0.219E+02  0.219E+02
  8.576  0.212E+02  0.212E+02
  8.586  0.185E+02  0.185E+02
  8.596  0.147E+02  0.147E+02
  8.606  0.103E+02  0.103E+02
  8.616  0.116E+02  0.116E+02
  8.626  0.353E+02  0.352E+02
  8.636  0.245E+02  0.245E+02
  8.646  0.176E+02  0.176E+02
  8.656  0.139E+02  0.139E+02
  8.666  0.119E+02  0.119E+02
  8.676  0.141E+02  0.141E+02
  8.686  0.262E+02  0.262E+02
  8.696  0.167E+02  0.167E+02
  8.706  0.117E+02  0.117E+02
  8.716  0.111E+02  0.111E+02
  8.726  0.152E+02  0.152E+02
  8.736  0.181E+02  0.182E+02
  8.746  0.201E+02  0.201E+02
  8.756  0.225E+02  0.225E+02
  8.766  0.212E+02  0.212E+02
  8.776  0.206E+02  0.207E+02
  8.786  0.211E+02  0.211E+02
  8.796  0.196E+02  0.196E+02
  8.806  0.167E+02  0.167E+02
  8.816  0.133E+02  0.133E+02
  8.826  0.118E+02  0.118E+02
  8.836  0.101E+02  0.101E+02
  8.846  0.861E+01  0.862E+01
  8.856  0.157E+02  0.157E+02
  8.866  0.161E+02  0.161E+02
  8.876  0.153E+02  0.153E+02
  8.886  0.154E+02  0.154E+02
  8.896  0.151E+02  0.151E+02
  8.906  0.124E+02  0.124E+02
  8.916  0.123E+02  0.124E+02
  8.926  0.140E+02  0.140E+02
  8.936  0.107E+02  0.107E+02
  8.946  0.864E+01  0.864E+01
  8.956  0.940E+01  0.941E+01
  8.966  0.166E+02  0.166E+02
  8.976  0.159E+02  0.159E+02
  8.986  0.105E+02  0.105E+02
  8.996  0.850E+01  0.849E+01
  9.006  0.806E+01  0.806E+01
  9.016  0.757E+01  0.757E+01
  9.026  0.678E+01  0.678E+01
  9.036  0.590E+01  0.589E+01
  9.046  0.560E+01  0.560E+01
  9.056  0.537E+01  0.537E+01
  9.066  0.515E+01  0.515E+01
  9.076  0.499E+01  0.499E+01
  9.086  0.492E+01  0.492E+01
  9.096  0.488E+01  0.488E+01
  9.106  0.482E+01  0.482E+01
  9.116  0.477E+01  0.477E+01
  9.126  0.857E+01  0.859E+01
  9.136  0.131E+02  0.131E+02
  9.146  0.128E+02  0.129E+02
  9.156  0.152E+02  0.152E+02
  9.166  0.147E+02  0.147E+02
  9.176  0.147E+02  0.147E+02
  9.186  0.953E+01  0.952E+01
  9.196  0.763E+01  0.763E+01
  9.206  0.693E+01  0.693E+01
  9.216  0.641E+01  0.641E+01
  9.226  0.601E+01  0.601E+01
  9.236  0.573E+01  0.573E+01
  9.246  0.551E+01  0.551E+01
  9.256  0.527E+01  0.527E+01
  9.266  0.505E+01  0.505E+01
  9.276  0.566E+01  0.567E+01
  9.286  0.661E+01  0.662E+01
  9.296  0.689E+01  0.689E+01
  9.306  0.708E+01  0.708E+01
  9.316  0.704E+01  0.704E+01
  9.326  0.626E+01  0.626E+01
  9.336  0.583E+01  0.583E+01
  9.346  0.536E+01  0.536E+01
  9.356  0.493E+01  0.493E+01
  9.366  0.452E+01  0.452E+01
  9.376  0.422E+01  0.422E+01
  9.386  0.381E+01  0.380E+01
  9.396  0.392E+01  0.393E+01
  9.406  0.428E+01  0.428E+01
  9.416  0.374E+01  0.374E+01
  9.426  0.321E+01  0.321E+01
  9.436  0.301E+01  0.303E+01
  9.446  0.349E+01  0.347E+01
  9.456  0.578E+00  0.562E+00
  9.466  0.000E+00  0.000E+00
  9.476  0.000E+00  0.000E+00
  9.486  0.000E+00  0.000E+00
  9.496  0.000E+00  0.000E+00
  9.506  0.000E+00  0.000E+00
  9.516  0.000E+00  0.000E+00
  9.526  0.000E+00  0.000E+00
  9.536  0.000E+00  0.000E+00
  9.546  0.000E+00  0.000E+00
  9.556  0.000E+00  0.000E+00
  9.566  0.000E+00  0.000E+00
  9.576  0.000E+00  0.000E+00
  9.586  0.000E+00  0.000E+00
  9.596  0.000E+00  0.000E+00
  9.606  0.000E+00  0.000E+00
  9.616  0.000E+00  0.000E+00
  9.626  0.000E+00  0.000E+00
  9.636  0.000E+00  0.000E+00
  9.646  0.000E+00  0.000E+00
  9.656  0.000E+00  0.000E+00
  9.666  0.000E+00  0.000E+00
  9.676  0.000E+00  0.000E+00
  9.686  0.000E+00  0.000E+00
  9.696  0.000E+00  0.000E+00
  9.706  0.000E+00  0.000E+00
  9.716  0.000E+00  0.000E+00
  9.726  0.000E+00  0.000E+00
  9.736  0.000E+00  0.000E+00
  9.746  0.000E+00  0.000E+00
  9.756  0.000E+00  0.000E+00
  9.766  0.000E+00  0.000E+00
  9.776  0.000E+00  0.000E+00
  9.786  0.000E+00  0.000E+00
  9.796  0.000E+00  0.000E+00
  9.806  0.000E+00  0.000E+00
  9.816  0.000E+00  0.000E+00
  9.826  0.000E+00  0.000E+00
  9.836  0.000E+00  0.000E+00
  9.846  0.000E+00  0.000E+00
  9.856  0.000E+00  0.000E+00
  9.866  0.000E+00  0.000E+00
  9.876  0.000E+00  0.000E+00
  9.886  0.000E+00  0.000E+00
  9.896  0.000E+00  0.000E+00
  9.906  0.000E+00  0.000E+00
  9.916  0.000E+00  0.000E+00
  9.926  0.000E+00  0.000E+00
  9.936  0.000E+00  0.000E+00
  9.946  0.000E+00  0.000E+00
  9.956  0.000E+00  0.000E+00
  9.966  0.000E+00  0.000E+00
  9.976  0.000E+00  0.000E+00
  9.986  0.000E+00  0.000E+00
  9.996  0.000E+00  0.000E+00
 10.006  0.000E+00  0.000E+00
 10.016  0.000E+00  0.000E+00
 10.026  0.000E+00  0.000E+00
 10.036  0.000E+00  0.000E+00
 10.046  0.000E+00  0.000E+00
 10.056  0.000E+00  0.000E+00
 10.066  0.000E+00  0.000E+00
 10.076  0.000E+00  0.000E+00
 10.086  0.000E+00  0.000E+00
 10.096  0.000E+00  0.000E+00
 10.106  0.000E+00  0.000E+00
 10.116  0.000E+00  0.000E+00
 10.126  0.000E+00  0.000E+00
 10.136  0.000E+00  0.000E+00
 10.146  0.000E+00  0.000E+00
 10.156  0.000E+00  0.000E+00
 10.166  0.000E+00  0.000E+00
 10.176  0.000E+00  0.000E+00
 10.186  0.000E+00  0.000E+00
 10.196  0.000E+00  0.000E+00
 10.206  0.000E+00  0.000E+00
 10.216  0.000E+00  0.000E+00
 10.226  0.000E+00  0.000E+00
 10.236  0.000E+00  0.000E+00
 10.246  0.000E+00  0.000E+00
 10.256  0.000E+00  0.000E+00
 10.266  0.000E+00  0.000E+00
 10.276  0.000E+00  0.000E+00
 10.286  0.000E+00  0.000E+00
 10.296  0.000E+00  0.000E+00
 10.306  0.000E+00  0.000E+00
 10.316  0.000E+00  0.000E+00
 10.326  0.000E+00  0.000E+00
 10.336  0.000E+00  0.000E+00
 10.346  0.000E+00  0.000E+00
 10.356  0.000E+00  0.000E+00
 10.366  0.000E+00  0.000E+00
 10.376  0.000E+00  0.000E+00
 10.386  0.000E+00  0.000E+00
 10.396  0.000E+00  0.000E+00
 10.406  0.000E+00  0.000E+00
 10.416  0.000E+00  0.000E+00
 10.426  0.000E+00  0.000E+00
 10.436  0.000E+00  0.000E+00
 10.446  0.000E+00  0.000E+00
 10.456  0.000E+00  0.000E+00
 10.466  0.000E+00  0.000E+00
 10.476  0.000E+00  0.000E+00
 10.486  0.000E+00  0.000E+00
 10.496  0.000E+00  0.000E+00
 10.506  0.000E+00  0.000E+00
 10.516  0.000E+00  0.000E+00
 10.526  0.000E+00  0.000E+00
 10.536  0.000E+00  0.000E+00
 10.546  0.000E+00  0.000E+00
 10.556  0.000E+00  0.000E+00
 10.566  0.000E+00  0.000E+00
 10.576  0.000E+00  0.000E+00
 10.586  0.000E+00  0.000E+00
 10.596  0.000E+00  0.000E+00
 10.606  0.000E+00  0.000E+00
 10.616  0.000E+00  0.000E+00
 10.626  0.000E+00  0.000E+00
 10.636  0.000E+00  0.000E+00
 10.646  0.000E+00  0.000E+00
 10.656  0.000E+00  0.000E+00
 10.666  0.000E+00  0.000E+00
 10.676  0.000E+00  0.000E+00
 10.686  0.000E+00  0.000E+00
 10.696  0.000E+00  0.000E+00
 10.706  0.000E+00  0.000E+00
 10.716  0.000E+00  0.000E+00
 10.726  0.000E+00  0.000E+00
 10.736  0.000E+00  0.000E+00
 10.746  0.000E+00  0.000E+00
 10.756  0.000E+00  0.000E+00
 10.766  0.000E+00  0.000E+00
 10.776  0.000E+00  0.000E+00
 10.786  0.000E+00  0.000E+00
 10.796  0.000E+00  0.000E+00
 10.806  0.000E+00  0.000E+00
 10.816  0.000E+00  0.000E+00
 10.826  0.000E+00  0.000E+00
 10.836  0.000E+00  0.000E+00
 10.846  0.000E+00  0.000E+00
 10.856  0.000E+00  0.000E+00
 10.866  0.000E+00  0.000E+00
 10.876  0.000E+00  0.000E+00
 10.886  0.000E+00  0.000E+00
 10.896  0.000E+00  0.000E+00
 10.906  0.000E+00  0.000E+00
 10.916  0.000E+00  0.000E+00
 10.926  0.000E+00  0.000E+00
 10.936  0.000E+00  0.000E+00
 10.946  0.000E+00  0.000E+00
 10.956  0.000E+00  0.000E+00
 10.966  0.000E+00  0.000E+00
 10.976  0.000E+00  0.000E+00
 10.986  0.000E+00  0.000E+00
 10.996  0.000E+00  0.000E+00
 11.006  0.000E+00  0.000E+00
 11.016  0.000E+00  0.000E+00
 11.026  0.135E-03  0.135E-03
 11.036  0.859E-03  0.859E-03
 11.046  0.221E-02  0.221E-02
 11.056  0.419E-02  0.419E-02
 11.066  0.679E-02  0.679E-02
 11.076  0.100E-01  0.100E-01
 11.086  0.139E-01  0.139E-01
 11.096  0.184E-01  0.184E-01
 11.106  0.235E-01  0.235E-01
 11.116  0.292E-01  0.292E-01
 11.126  0.355E-01  0.355E-01
 11.136  0.425E-01  0.425E-01
 11.146  0.501E-01  0.501E-01
 11.156  0.584E-01  0.584E-01
 11.166  0.672E-01  0.672E-01
 11.176  0.767E-01  0.767E-01
 11.186  0.868E-01  0.868E-01
 11.196  0.976E-01  0.976E-01
 11.206  0.109E+00  0.109E+00
 11.216  0.120E+00  0.120E+00
 11.226  0.130E+00  0.130E+00
 11.236  0.140E+00  0.140E+00
 11.246  0.149E+00  0.149E+00
 11.256  0.158E+00  0.158E+00
 11.266  0.167E+00  0.167E+00
 11.276  0.176E+00  0.176E+00
 11.286  0.184E+00  0.184E+00
 11.296  0.191E+00  0.191E+00
 11.306  0.198E+00  0.198E+00
 11.316  0.205E+00  0.205E+00
 11.326  0.212E+00  0.212E+00
 11.336  0.218E+00  0.218E+00
 11.346  0.224E+00  0.224E+00
 11.356  0.229E+00  0.229E+00
 11.366  0.234E+00  0.234E+00
 11.376  0.238E+00  0.238E+00
 11.386  0.242E+00  0.242E+00
 11.396  0.246E+00  0.246E+00
 11.406  0.252E+00  0.252E+00
 11.416  0.260E+00  0.260E+00
 11.426  0.268E+00  0.268E+00
 11.436  0.276E+00  0.277E+00
 11.446  0.285E+00  0.285E+00
 11.456  0.293E+00  0.293E+00
 11.466  0.301E+00  0.301E+00
 11.476  0.310E+00  0.310E+00
 11.486  0.318E+00  0.318E+00
 11.496  0.327E+00  0.327E+00
 11.506  0.335E+00  0.335E+00
 11.516  0.344E+00  0.344E+00
 11.526  0.352E+00  0.352E+00
 11.536  0.361E+00  0.361E+00
 11.546  0.369E+00  0.369E+00
 11.556  0.378E+00  0.378E+00
 11.566  0.387E+00  0.387E+00
 11.576  0.395E+00  0.395E+00
 11.586  0.404E+00  0.404E+00
 11.596  0.412E+00  0.412E+00
 11.606  0.421E+00  0.421E+00
 11.616  0.429E+00  0.429E+00
 11.626  0.438E+00  0.438E+00
 11.636  0.446E+00  0.446E+00
 11.646  0.455E+00  0.455E+00
 11.656  0.463E+00  0.463E+00
 11.666  0.472E+00  0.472E+00
 11.676  0.481E+00  0.481E+00
 11.686  0.490E+00  0.490E+00
 11.696  0.500E+00  0.500E+00
 11.706  0.509E+00  0.509E+00
 11.716  0.517E+00  0.517E+00
 11.726  0.525E+00  0.525E+00
 11.736  0.533E+00  0.533E+00
 11.746  0.539E+00  0.539E+00
 11.756  0.546E+00  0.546E+00
 11.766  0.552E+00  0.552E+00
 11.776  0.558E+00  0.558E+00
 11.786  0.564E+00  0.564E+00
 11.796  0.570E+00  0.570E+00
 11.806  0.577E+00  0.577E+00
 11.816  0.587E+00  0.587E+00
 11.826  0.597E+00  0.597E+00
 11.836  0.609E+00  0.609E+00
 11.846  0.621E+00  0.621E+00
 11.856  0.633E+00  0.633E+00
 11.866  0.645E+00  0.645E+00
 11.876  0.655E+00  0.655E+00
 11.886  0.664E+00  0.664E+00
 11.896  0.674E+00  0.674E+00
 11.906  0.684E+00  0.684E+00
 11.916  0.694E+00  0.694E+00
 11.926  0.705E+00  0.705E+00
 11.936  0.715E+00  0.715E+00
 11.946  0.726E+00  0.726E+00
 11.956  0.736E+00  0.736E+00
 11.966  0.747E+00  0.747E+00
 11.976  0.757E+00  0.757E+00
 11.986  0.768E+00  0.768E+00
 11.996  0.779E+00  0.779E+00
 12.006  0.790E+00  0.791E+00
 12.016  0.804E+00  0.804E+00
 12.026  0.818E+00  0.818E+00
 12.036  0.833E+00  0.833E+00
 12.046  0.847E+00  0.847E+00
 12.056  0.860E+00  0.860E+00
 12.066  0.874E+00  0.874E+00
 12.076  0.887E+00  0.887E+00
 12.086  0.901E+00  0.901E+00
 12.096  0.914E+00  0.914E+00
 12.106  0.927E+00  0.927E+00
 12.116  0.941E+00  0.941E+00
 12.126  0.954E+00  0.954E+00
 12.136  0.968E+00  0.968E+00
 12.146  0.982E+00  0.982E+00
 12.156  0.996E+00  0.996E+00
 12.166  0.101E+01  0.101E+01
 12.176  0.102E+01  0.102E+01
 12.186  0.104E+01  0.104E+01
 12.196  0.105E+01  0.105E+01
 12.206  0.107E+01  0.107E+01
 12.216  0.108E+01  0.108E+01
 12.226  0.109E+01  0.109E+01
 12.236  0.111E+01  0.111E+01
 12.246  0.112E+01  0.112E+01
 12.256  0.114E+01  0.114E+01
 12.266  0.115E+01  0.115E+01
 12.276  0.117E+01  0.117E+01
 12.286  0.118E+01  0.118E+01
 12.296  0.120E+01  0.120E+01
 12.306  0.121E+01  0.121E+01
 12.316  0.123E+01  0.123E+01
 12.326  0.124E+01  0.124E+01
 12.336  0.126E+01  0.126E+01
 12.346  0.128E+01  0.128E+01
 12.356  0.130E+01  0.130E+01
 12.366  0.132E+01  0.132E+01
 12.376  0.135E+01  0.135E+01
 12.386  0.142E+01  0.142E+01
 12.396  0.148E+01  0.148E+01
 12.406  0.154E+01  0.154E+01
 12.416  0.160E+01  0.160E+01
 12.426  0.165E+01  0.165E+01
 12.436  0.169E+01  0.169E+01
 12.446  0.173E+01  0.173E+01
 12.456  0.176E+01  0.176E+01
 12.466  0.177E+01  0.177E+01
 12.476  0.176E+01  0.176E+01
 12.486  0.176E+01  0.176E+01
 12.496  0.175E+01  0.175E+01
 12.506  0.174E+01  0.174E+01
 12.516  0.172E+01  0.172E+01
 12.526  0.171E+01  0.171E+01
 12.536  0.169E+01  0.169E+01
 12.546  0.168E+01  0.168E+01
 12.556  0.166E+01  0.166E+01
 12.566  0.166E+01  0.166E+01
 12.576  0.165E+01  0.165E+01
 12.586  0.166E+01  0.166E+01
 12.596  0.166E+01  0.166E+01
 12.606  0.168E+01  0.168E+01
 12.616  0.169E+01  0.169E+01
 12.626  0.172E+01  0.172E+01
 12.636  0.174E+01  0.174E+01
 12.646  0.177E+01  0.177E+01
 12.656  0.180E+01  0.180E+01
 12.666  0.182E+01  0.182E+01
 12.676  0.183E+01  0.183E+01
 12.686  0.185E+01  0.185E+01
 12.696  0.188E+01  0.188E+01
 12.706  0.192E+01  0.192E+01
 12.716  0.197E+01  0.197E+01
 12.726  0.204E+01  0.204E+01
 12.736  0.221E+01  0.221E+01
 12.746  0.225E+01  0.225E+01
 12.756  0.228E+01  0.228E+01
 12.766  0.232E+01  0.232E+01
 12.776  0.252E+01  0.252E+01
 12.786  0.264E+01  0.264E+01
 12.796  0.271E+01  0.271E+01
 12.806  0.290E+01  0.290E+01
 12.816  0.311E+01  0.311E+01
 12.826  0.334E+01  0.334E+01
 12.836  0.334E+01  0.334E+01
 12.846  0.320E+01  0.320E+01
 12.856  0.299E+01  0.299E+01
 12.866  0.274E+01  0.274E+01
 12.876  0.244E+01  0.244E+01
 12.886  0.227E+01  0.227E+01
 12.896  0.218E+01  0.218E+01
 12.906  0.210E+01  0.210E+01
 12.916  0.202E+01  0.202E+01
 12.926  0.194E+01  0.194E+01
 12.936  0.187E+01  0.187E+01
 12.946  0.181E+01  0.181E+01
 12.956  0.175E+01  0.175E+01
 12.966  0.166E+01  0.166E+01
 12.976  0.156E+01  0.156E+01
 12.986  0.155E+01  0.155E+01
 12.996  0.163E+01  0.163E+01
 13.006  0.183E+01  0.183E+01
 13.016  0.211E+01  0.211E+01
 13.026  0.217E+01  0.217E+01
 13.036  0.240E+01  0.240E+01
 13.046  0.249E+01  0.249E+01
 13.056  0.261E+01  0.261E+01
 13.066  0.275E+01  0.275E+01
 13.076  0.290E+01  0.290E+01
 13.086  0.298E+01  0.298E+01
 13.096  0.305E+01  0.305E+01
 13.106  0.311E+01  0.311E+01
 13.116  0.318E+01  0.318E+01
 13.126  0.328E+01  0.328E+01
 13.136  0.341E+01  0.341E+01
 13.146  0.354E+01  0.354E+01
 13.156  0.362E+01  0.362E+01
 13.166  0.409E+01  0.409E+01
 13.176  0.480E+01  0.480E+01
 13.186  0.546E+01  0.546E+01
 13.196  0.582E+01  0.583E+01
 13.206  0.441E+01  0.441E+01
 13.216  0.438E+01  0.438E+01
 13.226  0.435E+01  0.435E+01
 13.236  0.432E+01  0.432E+01
 13.246  0.441E+01  0.441E+01
 13.256  0.466E+01  0.466E+01
 13.266  0.488E+01  0.488E+01
 13.276  0.513E+01  0.513E+01
 13.286  0.532E+01  0.532E+01
 13.296  0.545E+01  0.545E+01
 13.306  0.794E+01  0.794E+01
 13.316  0.565E+01  0.565E+01
 13.326  0.541E+01  0.541E+01
 13.336  0.542E+01  0.542E+01
 13.346  0.550E+01  0.550E+01
 13.356  0.564E+01  0.564E+01
 13.366  0.594E+01  0.594E+01
 13.376  0.652E+01  0.652E+01
 13.386  0.713E+01  0.713E+01
 13.396  0.775E+01  0.775E+01
 13.406  0.844E+01  0.844E+01
 13.416  0.990E+01  0.990E+01
 13.426  0.995E+01  0.995E+01
 13.436  0.101E+02  0.101E+02
 13.446  0.107E+02  0.107E+02
 13.456  0.114E+02  0.114E+02
 13.466  0.117E+02  0.117E+02
 13.476  0.120E+02  0.120E+02
 13.486  0.119E+02  0.119E+02
 13.496  0.116E+02  0.116E+02
 13.506  0.111E+02  0.111E+02
 13.516  0.110E+02  0.110E+02
 13.526  0.110E+02  0.110E+02
 13.536  0.115E+02  0.115E+02
 13.546  0.124E+02  0.124E+02
 13.556  0.171E+02  0.171E+02
 13.566  0.182E+02  0.182E+02
 13.576  0.188E+02  0.188E+02
 13.586  0.189E+02  0.189E+02
 13.596  0.175E+02  0.175E+02
 13.606  0.184E+02  0.184E+02
 13.616  0.181E+02  0.181E+02
 13.626  0.179E+02  0.179E+02
 13.636  0.162E+02  0.162E+02
 13.646  0.141E+02  0.141E+02
 13.656  0.139E+02  0.139E+02
 13.666  0.149E+02  0.149E+02
 13.676  0.157E+02  0.157E+02
 13.686  0.163E+02  0.163E+02
 13.696  0.167E+02  0.167E+02
 13.706  0.172E+02  0.172E+02
 13.716  0.170E+02  0.170E+02
 13.726  0.167E+02  0.167E+02
 13.736  0.168E+02  0.168E+02
 13.746  0.179E+02  0.179E+02
 13.756  0.175E+02  0.175E+02
 13.766  0.172E+02  0.172E+02
 13.776  0.171E+02  0.171E+02
 13.786  0.171E+02  0.171E+02
 13.796  0.170E+02  0.170E+02
 13.806  0.171E+02  0.171E+02
 13.816  0.169E+02  0.169E+02
 13.826  0.171E+02  0.171E+02
 13.836  0.179E+02  0.179E+02
 13.846  0.180E+02  0.180E+02
 13.856  0.182E+02  0.182E+02
 13.866  0.180E+02  0.180E+02
 13.876  0.175E+02  0.175E+02
 13.886  0.176E+02  0.176E+02
 13.896  0.176E+02  0.176E+02
 13.906  0.177E+02  0.177E+02
 13.916  0.180E+02  0.180E+02
 13.926  0.186E+02  0.186E+02
 13.936  0.189E+02  0.189E+02
 13.946  0.188E+02  0.188E+02
 13.956  0.190E+02  0.190E+02
 13.966  0.193E+02  0.193E+02
 13.976  0.203E+02  0.203E+02
 13.986  0.204E+02  0.204E+02
 13.996  0.201E+02  0.201E+02
 14.006  0.199E+02  0.199E+02
 14.016  0.215E+02  0.215E+02
 14.026  0.196E+02  0.196E+02
 14.036  0.194E+02  0.194E+02
 14.046  0.193E+02  0.193E+02
 14.056  0.191E+02  0.191E+02
 14.066  0.191E+02  0.191E+02
 14.076  0.187E+02  0.187E+02
 14.086  0.184E+02  0.184E+02
 14.096  0.182E+02  0.182E+02
 14.106  0.181E+02  0.181E+02
 14.116  0.178E+02  0.178E+02
 14.126  0.175E+02  0.175E+02
 14.136  0.174E+02  0.174E+02
 14.146  0.173E+02  0.173E+02
 14.156  0.171E+02  0.171E+02
 14.166  0.167E+02  0.167E+02
 14.176  0.169E+02  0.169E+02
 14.186  0.173E+02  0.173E+02
 14.196  0.178E+02  0.178E+02
 14.206  0.183E+02  0.183E+02
 14.216  0.188E+02  0.188E+02
 14.226  0.196E+02  0.196E+02
 14.236  0.204E+02  0.204E+02
 14.246  0.216E+02  0.216E+02
 14.256  0.215E+02  0.215E+02
 14.266  0.214E+02  0.214E+02
 14.276  0.210E+02  0.210E+02
 14.286  0.217E+02  0.217E+02
 14.296  0.220E+02  0.220E+02
 14.306  0.217E+02  0.217E+02
 14.316  0.216E+02  0.216E+02
 14.326  0.202E+02  0.202E+02
 14.336  0.213E+02  0.213E+02
 14.346  0.214E+02  0.214E+02
 14.356  0.212E+02  0.212E+02
 14.366  0.208E+02  0.208E+02
 14.376  0.221E+02  0.221E+02
 14.386  0.216E+02  0.216E+02
 14.396  0.224E+02  0.224E+02
 14.406  0.231E+02  0.231E+02
 14.416  0.223E+02  0.223E+02
 14.426  0.224E+02  0.224E+02
 14.436  0.228E+02  0.228E+02
 14.446  0.222E+02  0.222E+02
 14.456  0.225E+02  0.225E+02
 14.466  0.225E+02  0.225E+02
 14.476  0.220E+02  0.220E+02
 14.486  0.218E+02  0.218E+02
 14.496  0.207E+02  0.207E+02
 14.506  0.197E+02  0.197E+02
 14.516  0.202E+02  0.202E+02
 14.526  0.195E+02  0.195E+02
 14.536  0.211E+02  0.211E+02
 14.546  0.195E+02  0.195E+02
 14.556  0.202E+02  0.202E+02
 14.566  0.199E+02  0.199E+02
 14.576  0.210E+02  0.210E+02
 14.586  0.215E+02  0.215E+02
 14.596  0.222E+02  0.222E+02
 14.606  0.230E+02  0.230E+02
 14.616  0.235E+02  0.235E+02
 14.626  0.238E+02  0.238E+02
 14.636  0.257E+02  0.257E+02
 14.646  0.270E+02  0.270E+02
 14.656  0.262E+02  0.262E+02
 14.666  0.255E+02  0.255E+02
 14.676  0.256E+02  0.256E+02
 14.686  0.243E+02  0.243E+02
 14.696  0.236E+02  0.236E+02
 14.706  0.218E+02  0.218E+02
 14.716  0.235E+02  0.235E+02
 14.726  0.219E+02  0.219E+02
 14.736  0.221E+02  0.221E+02
 14.746  0.234E+02  0.234E+02
 14.756  0.236E+02  0.236E+02
 14.766  0.234E+02  0.234E+02
 14.776  0.239E+02  0.239E+02
 14.786  0.244E+02  0.244E+02
 14.796  0.249E+02  0.249E+02
 14.806  0.244E+02  0.244E+02
 14.816  0.240E+02  0.240E+02
 14.826  0.254E+02  0.254E+02
 14.836  0.262E+02  0.262E+02
 14.846  0.259E+02  0.259E+02
 14.856  0.275E+02  0.275E+02
 14.866  0.259E+02  0.259E+02
 14.876  0.273E+02  0.273E+02
 14.886  0.254E+02  0.254E+02
 14.896  0.251E+02  0.251E+02
 14.906  0.249E+02  0.249E+02
 14.916  0.239E+02  0.239E+02
 14.926  0.233E+02  0.233E+02
 14.936  0.228E+02  0.228E+02
 14.946  0.224E+02  0.224E+02
 14.956  0.228E+02  0.228E+02
 14.966  0.232E+02  0.232E+02
 14.976  0.237E+02  0.237E+02
 14.986  0.237E+02  0.237E+02
 14.996  0.241E+02  0.241E+02
 15.006  0.246E+02  0.246E+02
 15.016  0.229E+02  0.229E+02
 15.026  0.223E+02  0.223E+02
 15.036  0.205E+02  0.205E+02
 15.046  0.209E+02  0.209E+02
 15.056  0.187E+02  0.187E+02
 15.066  0.188E+02  0.188E+02
 15.076  0.195E+02  0.195E+02
 15.086  0.205E+02  0.205E+02
 15.096  0.206E+02  0.206E+02
 15.106  0.207E+02  0.207E+02
 15.116  0.204E+02  0.204E+02
 15.126  0.200E+02  0.200E+02
 15.136  0.194E+02  0.194E+02
 15.146  0.178E+02  0.178E+02
 15.156  0.184E+02  0.184E+02
 15.166  0.190E+02  0.190E+02
 15.176  0.199E+02  0.199E+02
 15.186  0.192E+02  0.192E+02
 15.196  0.189E+02  0.189E+02
 15.206  0.200E+02  0.200E+02
 15.216  0.191E+02  0.191E+02
 15.226  0.170E+02  0.170E+02
 15.236  0.161E+02  0.161E+02
 15.246  0.192E+02  0.192E+02
 15.256  0.174E+02  0.174E+02
 15.266  0.155E+02  0.155E+02
 15.276  0.179E+02  0.179E+02
 15.286  0.158E+02  0.158E+02
 15.296  0.159E+02  0.159E+02
 15.306  0.159E+02  0.159E+02
 15.316  0.154E+02  0.154E+02
 15.326  0.156E+02  0.156E+02
 15.336  0.172E+02  0.172E+02
 15.346  0.186E+02  0.186E+02
 15.356  0.172E+02  0.172E+02
 15.366  0.164E+02  0.164E+02
 15.376  0.167E+02  0.167E+02
 15.386  0.171E+02  0.171E+02
 15.396  0.172E+02  0.172E+02
 15.406  0.169E+02  0.169E+02
 15.416  0.169E+02  0.169E+02
 15.426  0.178E+02  0.178E+02
 15.436  0.168E+02  0.168E+02
 15.446  0.168E+02  0.168E+02
 15.456  0.161E+02  0.161E+02
 15.466  0.157E+02  0.157E+02
 15.476  0.153E+02  0.153E+02
 15.486  0.149E+02  0.149E+02
 15.496  0.146E+02  0.146E+02
 15.506  0.146E+02  0.146E+02
 15.516  0.146E+02  0.146E+02
 15.526  0.146E+02  0.146E+02
 15.536  0.147E+02  0.147E+02
 15.546  0.149E+02  0.149E+02
 15.556  0.165E+02  0.165E+02
 15.566  0.170E+02  0.170E+02
 15.576  0.171E+02  0.171E+02
 15.586  0.178E+02  0.178E+02
 15.596  0.185E+02  0.185E+02
 15.606  0.182E+02  0.182E+02
 15.616  0.172E+02  0.172E+02
 15.626  0.167E+02  0.167E+02
 15.636  0.165E+02  0.165E+02
 15.646  0.164E+02  0.164E+02
 15.656  0.171E+02  0.171E+02
 15.666  0.161E+02  0.161E+02
 15.676  0.157E+02  0.157E+02
 15.686  0.154E+02  0.154E+02
 15.696  0.150E+02  0.150E+02
 15.706  0.144E+02  0.144E+02
 15.716  0.138E+02  0.138E+02
 15.726  0.132E+02  0.132E+02
 15.736  0.125E+02  0.125E+02
 15.746  0.119E+02  0.119E+02
 15.756  0.115E+02  0.115E+02
 15.766  0.112E+02  0.112E+02
 15.776  0.109E+02  0.109E+02
 15.786  0.106E+02  0.106E+02
 15.796  0.107E+02  0.107E+02
 15.806  0.114E+02  0.114E+02
 15.816  0.117E+02  0.117E+02
 15.826  0.114E+02  0.114E+02
 15.836  0.111E+02  0.111E+02
 15.846  0.107E+02  0.107E+02
 15.856  0.105E+02  0.105E+02
 15.866  0.102E+02  0.102E+02
 15.876  0.100E+02  0.100E+02
 15.886  0.997E+01  0.998E+01
 15.896  0.104E+02  0.104E+02
 15.906  0.110E+02  0.110E+02
 15.916  0.122E+02  0.122E+02
 15.926  0.126E+02  0.126E+02
 15.936  0.104E+02  0.104E+02
 15.946  0.101E+02  0.101E+02
 15.956  0.975E+01  0.975E+01
 15.966  0.103E+02  0.103E+02
 15.976  0.117E+02  0.117E+02
 15.986  0.131E+02  0.131E+02
 15.996  0.129E+02  0.129E+02
 16.006  0.129E+02  0.129E+02
 16.016  0.128E+02  0.128E+02
 16.026  0.128E+02  0.128E+02
 16.036  0.124E+02  0.124E+02
 16.046  0.122E+02  0.122E+02
 16.056  0.116E+02  0.116E+02
 16.066  0.110E+02  0.110E+02
 16.076  0.103E+02  0.103E+02
 16.086  0.103E+02  0.103E+02
 16.096  0.112E+02  0.112E+02
 16.106  0.128E+02  0.128E+02
 16.116  0.145E+02  0.145E+02
 16.126  0.142E+02  0.142E+02
 16.136  0.134E+02  0.134E+02
 16.146  0.126E+02  0.126E+02
 16.156  0.131E+02  0.131E+02
 16.166  0.129E+02  0.129E+02
 16.176  0.136E+02  0.136E+02
 16.186  0.155E+02  0.155E+02
 16.196  0.157E+02  0.157E+02
 16.206  0.163E+02  0.163E+02
 16.216  0.170E+02  0.170E+02
 16.226  0.170E+02  0.170E+02
 16.236  0.165E+02  0.165E+02
 16.246  0.167E+02  0.167E+02
 16.256  0.167E+02  0.167E+02
 16.266  0.163E+02  0.163E+02
 16.276  0.164E+02  0.164E+02
 16.286  0.179E+02  0.179E+02
 16.296  0.174E+02  0.174E+02
 16.306  0.172E+02  0.172E+02
 16.316  0.181E+02  0.181E+02
 16.326  0.191E+02  0.191E+02
 16.336  0.208E+02  0.208E+02
 16.346  0.232E+02  0.232E+02
 16.356  0.241E+02  0.241E+02
 16.366  0.214E+02  0.214E+02
 16.376  0.196E+02  0.196E+02
 16.386  0.196E+02  0.196E+02
 16.396  0.197E+02  0.197E+02
 16.406  0.207E+02  0.207E+02
 16.416  0.223E+02  0.223E+02
 16.426  0.230E+02  0.230E+02
 16.436  0.216E+02  0.216E+02
 16.446  0.232E+02  0.232E+02
 16.456  0.239E+02  0.239E+02
 16.466  0.245E+02  0.245E+02
 16.476  0.242E+02  0.242E+02
 16.486  0.234E+02  0.234E+02
 16.496  0.238E+02  0.238E+02
 16.506  0.252E+02  0.252E+02
 16.516  0.245E+02  0.245E+02
 16.526  0.233E+02  0.233E+02
 16.536  0.233E+02  0.233E+02
 16.546  0.243E+02  0.243E+02
 16.556  0.255E+02  0.255E+02
 16.566  0.262E+02  0.262E+02
 16.576  0.252E+02  0.252E+02
 16.586  0.256E+02  0.256E+02
 16.596  0.274E+02  0.274E+02
 16.606  0.269E+02  0.269E+02
 16.616  0.277E+02  0.277E+02
 16.626  0.277E+02  0.277E+02
 16.636  0.274E+02  0.274E+02
 16.646  0.271E+02  0.271E+02
 16.656  0.294E+02  0.294E+02
 16.666  0.289E+02  0.289E+02
 16.676  0.292E+02  0.292E+02
 16.686  0.287E+02  0.286E+02
 16.696  0.288E+02  0.288E+02
 16.706  0.268E+02  0.268E+02
 16.716  0.256E+02  0.256E+02
 16.726  0.244E+02  0.244E+02
 16.736  0.257E+02  0.257E+02
 16.746  0.235E+02  0.235E+02
 16.756  0.219E+02  0.219E+02
 16.766  0.215E+02  0.215E+02
 16.776  0.167E+02  0.167E+02
 16.786  0.149E+02  0.149E+02
 16.796  0.114E+02  0.114E+02
 16.806  0.124E+02  0.124E+02
 16.816  0.114E+02  0.114E+02
 16.826  0.896E+01  0.896E+01
 16.836  0.930E+01  0.929E+01
 16.846  0.890E+01  0.889E+01
 16.856  0.747E+01  0.746E+01
 16.866  0.669E+01  0.669E+01
 16.876  0.304E+01  0.304E+01
 16.886  0.186E+01  0.186E+01
 16.896  0.122E+01  0.122E+01
 16.906  0.718E+00  0.717E+00
 16.916  0.355E+00  0.354E+00
 16.926  0.131E+00  0.130E+00
 16.936  0.292E-01  0.288E-01
 16.946  0.000E+00  0.000E+00
