# E (eV) pdosup(E)  pdosdw(E) 
 -8.267  0.000E+00  0.000E+00
 -8.257  0.000E+00  0.000E+00
 -8.247  0.000E+00  0.000E+00
 -8.237  0.000E+00  0.000E+00
 -8.227  0.000E+00  0.000E+00
 -8.217  0.000E+00  0.000E+00
 -8.207  0.000E+00  0.000E+00
 -8.197  0.000E+00  0.000E+00
 -8.187  0.000E+00  0.000E+00
 -8.177  0.000E+00  0.000E+00
 -8.167  0.000E+00  0.000E+00
 -8.157  0.000E+00  0.000E+00
 -8.147  0.000E+00  0.000E+00
 -8.137  0.000E+00  0.000E+00
 -8.127  0.000E+00  0.000E+00
 -8.117  0.000E+00  0.000E+00
 -8.107  0.000E+00  0.000E+00
 -8.097  0.000E+00  0.000E+00
 -8.087  0.000E+00  0.000E+00
 -8.077  0.000E+00  0.000E+00
 -8.067  0.000E+00  0.000E+00
 -8.057  0.000E+00  0.000E+00
 -8.047  0.000E+00  0.000E+00
 -8.037  0.000E+00  0.000E+00
 -8.027  0.000E+00  0.000E+00
 -8.017  0.000E+00  0.000E+00
 -8.007  0.000E+00  0.000E+00
 -7.997  0.000E+00  0.000E+00
 -7.987  0.000E+00  0.000E+00
 -7.977  0.000E+00  0.000E+00
 -7.967  0.000E+00  0.000E+00
 -7.957  0.000E+00  0.000E+00
 -7.947  0.000E+00  0.000E+00
 -7.937  0.000E+00  0.000E+00
 -7.927  0.000E+00  0.000E+00
 -7.917  0.000E+00  0.000E+00
 -7.907  0.000E+00  0.000E+00
 -7.897  0.000E+00  0.000E+00
 -7.887  0.000E+00  0.000E+00
 -7.877  0.000E+00  0.000E+00
 -7.867  0.000E+00  0.000E+00
 -7.857  0.000E+00  0.000E+00
 -7.847  0.000E+00  0.000E+00
 -7.837  0.000E+00  0.000E+00
 -7.827  0.000E+00  0.000E+00
 -7.817  0.000E+00  0.000E+00
 -7.807  0.000E+00  0.000E+00
 -7.797  0.000E+00  0.000E+00
 -7.787  0.000E+00  0.000E+00
 -7.777  0.000E+00  0.000E+00
 -7.767  0.000E+00  0.000E+00
 -7.757  0.000E+00  0.000E+00
 -7.747  0.000E+00  0.000E+00
 -7.737  0.000E+00  0.000E+00
 -7.727  0.000E+00  0.000E+00
 -7.717  0.000E+00  0.000E+00
 -7.707  0.000E+00  0.000E+00
 -7.697  0.000E+00  0.000E+00
 -7.687  0.000E+00  0.000E+00
 -7.677  0.000E+00  0.000E+00
 -7.667  0.000E+00  0.000E+00
 -7.657  0.000E+00  0.000E+00
 -7.647  0.000E+00  0.000E+00
 -7.637  0.000E+00  0.000E+00
 -7.627  0.000E+00  0.000E+00
 -7.617  0.000E+00  0.000E+00
 -7.607  0.000E+00  0.000E+00
 -7.597  0.000E+00  0.000E+00
 -7.587  0.000E+00  0.000E+00
 -7.577  0.000E+00  0.000E+00
 -7.567  0.000E+00  0.000E+00
 -7.557  0.000E+00  0.000E+00
 -7.547  0.000E+00  0.000E+00
 -7.537  0.000E+00  0.000E+00
 -7.527  0.000E+00  0.000E+00
 -7.517  0.000E+00  0.000E+00
 -7.507  0.000E+00  0.000E+00
 -7.497  0.000E+00  0.000E+00
 -7.487  0.000E+00  0.000E+00
 -7.477  0.000E+00  0.000E+00
 -7.467  0.000E+00  0.000E+00
 -7.457  0.000E+00  0.000E+00
 -7.447  0.000E+00  0.000E+00
 -7.437  0.000E+00  0.000E+00
 -7.427  0.000E+00  0.000E+00
 -7.417  0.000E+00  0.000E+00
 -7.407  0.000E+00  0.000E+00
 -7.397  0.000E+00  0.000E+00
 -7.387  0.000E+00  0.000E+00
 -7.377  0.000E+00  0.000E+00
 -7.367  0.000E+00  0.000E+00
 -7.357  0.000E+00  0.000E+00
 -7.347  0.000E+00  0.000E+00
 -7.337  0.000E+00  0.000E+00
 -7.327  0.000E+00  0.000E+00
 -7.317  0.000E+00  0.000E+00
 -7.307  0.000E+00  0.000E+00
 -7.297  0.000E+00  0.000E+00
 -7.287  0.000E+00  0.000E+00
 -7.277  0.000E+00  0.000E+00
 -7.267  0.000E+00  0.000E+00
 -7.257  0.000E+00  0.000E+00
 -7.247  0.000E+00  0.000E+00
 -7.237  0.000E+00  0.000E+00
 -7.227  0.000E+00  0.000E+00
 -7.217  0.000E+00  0.000E+00
 -7.207  0.000E+00  0.000E+00
 -7.197  0.000E+00  0.000E+00
 -7.187  0.000E+00  0.000E+00
 -7.177  0.000E+00  0.000E+00
 -7.167  0.000E+00  0.000E+00
 -7.157  0.000E+00  0.000E+00
 -7.147  0.000E+00  0.000E+00
 -7.137  0.000E+00  0.000E+00
 -7.127  0.000E+00  0.000E+00
 -7.117  0.000E+00  0.000E+00
 -7.107  0.000E+00  0.000E+00
 -7.097  0.000E+00  0.000E+00
 -7.087  0.000E+00  0.000E+00
 -7.077  0.000E+00  0.000E+00
 -7.067  0.000E+00  0.000E+00
 -7.057  0.000E+00  0.000E+00
 -7.047  0.000E+00  0.000E+00
 -7.037  0.000E+00  0.000E+00
 -7.027  0.000E+00  0.000E+00
 -7.017  0.000E+00  0.000E+00
 -7.007  0.000E+00  0.000E+00
 -6.997  0.000E+00  0.000E+00
 -6.987  0.000E+00  0.000E+00
 -6.977  0.000E+00  0.000E+00
 -6.967  0.000E+00  0.000E+00
 -6.957  0.000E+00  0.000E+00
 -6.947  0.000E+00  0.000E+00
 -6.937  0.000E+00  0.000E+00
 -6.927  0.000E+00  0.000E+00
 -6.917  0.000E+00  0.000E+00
 -6.907  0.000E+00  0.000E+00
 -6.897  0.000E+00  0.000E+00
 -6.887  0.000E+00  0.000E+00
 -6.877  0.000E+00  0.000E+00
 -6.867  0.000E+00  0.000E+00
 -6.857  0.000E+00  0.000E+00
 -6.847  0.000E+00  0.000E+00
 -6.837  0.000E+00  0.000E+00
 -6.827  0.000E+00  0.000E+00
 -6.817  0.000E+00  0.000E+00
 -6.807  0.000E+00  0.000E+00
 -6.797  0.000E+00  0.000E+00
 -6.787  0.000E+00  0.000E+00
 -6.777  0.000E+00  0.000E+00
 -6.767  0.000E+00  0.000E+00
 -6.757  0.000E+00  0.000E+00
 -6.747  0.000E+00  0.000E+00
 -6.737  0.000E+00  0.000E+00
 -6.727  0.000E+00  0.000E+00
 -6.717  0.000E+00  0.000E+00
 -6.707  0.000E+00  0.000E+00
 -6.697  0.000E+00  0.000E+00
 -6.687  0.000E+00  0.000E+00
 -6.677  0.000E+00  0.000E+00
 -6.667  0.000E+00  0.000E+00
 -6.657  0.000E+00  0.000E+00
 -6.647  0.000E+00  0.000E+00
 -6.637  0.000E+00  0.000E+00
 -6.627  0.000E+00  0.000E+00
 -6.617  0.000E+00  0.000E+00
 -6.607  0.000E+00  0.000E+00
 -6.597  0.000E+00  0.000E+00
 -6.587  0.000E+00  0.000E+00
 -6.577  0.000E+00  0.000E+00
 -6.567  0.000E+00  0.000E+00
 -6.557  0.000E+00  0.000E+00
 -6.547  0.000E+00  0.000E+00
 -6.537  0.000E+00  0.000E+00
 -6.527  0.000E+00  0.000E+00
 -6.517  0.000E+00  0.000E+00
 -6.507  0.000E+00  0.000E+00
 -6.497  0.000E+00  0.000E+00
 -6.487  0.000E+00  0.000E+00
 -6.477  0.000E+00  0.000E+00
 -6.467  0.289E-02  0.289E-02
 -6.457  0.418E-01  0.418E-01
 -6.447  0.687E-01  0.687E-01
 -6.437  0.915E-01  0.915E-01
 -6.427  0.122E+00  0.122E+00
 -6.417  0.137E+00  0.137E+00
 -6.407  0.148E+00  0.148E+00
 -6.397  0.167E+00  0.167E+00
 -6.387  0.186E+00  0.186E+00
 -6.377  0.230E+00  0.230E+00
 -6.367  0.276E+00  0.276E+00
 -6.357  0.330E+00  0.330E+00
 -6.347  0.392E+00  0.392E+00
 -6.337  0.461E+00  0.461E+00
 -6.327  0.540E+00  0.540E+00
 -6.317  0.771E+00  0.771E+00
 -6.307  0.783E+00  0.783E+00
 -6.297  0.772E+00  0.772E+00
 -6.287  0.622E+00  0.622E+00
 -6.277  0.588E+00  0.588E+00
 -6.267  0.466E+00  0.466E+00
 -6.257  0.388E+00  0.388E+00
 -6.247  0.455E+00  0.455E+00
 -6.237  0.668E+00  0.668E+00
 -6.227  0.101E+01  0.101E+01
 -6.217  0.155E+01  0.155E+01
 -6.207  0.851E+00  0.851E+00
 -6.197  0.301E+00  0.301E+00
 -6.187  0.112E+00  0.112E+00
 -6.177  0.425E+00  0.425E+00
 -6.167  0.161E+01  0.161E+01
 -6.157  0.303E+01  0.303E+01
 -6.147  0.202E+01  0.202E+01
 -6.137  0.168E+01  0.168E+01
 -6.127  0.154E+01  0.154E+01
 -6.117  0.169E+01  0.169E+01
 -6.107  0.240E+01  0.240E+01
 -6.097  0.281E+01  0.281E+01
 -6.087  0.200E+01  0.200E+01
 -6.077  0.213E+01  0.213E+01
 -6.067  0.253E+01  0.253E+01
 -6.057  0.451E+01  0.451E+01
 -6.047  0.369E+01  0.369E+01
 -6.037  0.438E+01  0.438E+01
 -6.027  0.454E+01  0.454E+01
 -6.017  0.491E+01  0.491E+01
 -6.007  0.720E+01  0.720E+01
 -5.997  0.489E+01  0.489E+01
 -5.987  0.553E+01  0.553E+01
 -5.977  0.646E+01  0.646E+01
 -5.967  0.650E+01  0.650E+01
 -5.957  0.480E+01  0.480E+01
 -5.947  0.512E+01  0.512E+01
 -5.937  0.857E+01  0.857E+01
 -5.927  0.905E+01  0.905E+01
 -5.917  0.515E+01  0.515E+01
 -5.907  0.144E+02  0.144E+02
 -5.897  0.119E+02  0.119E+02
 -5.887  0.106E+02  0.106E+02
 -5.877  0.868E+01  0.868E+01
 -5.867  0.273E+02  0.273E+02
 -5.857  0.690E+01  0.690E+01
 -5.847  0.280E+02  0.280E+02
 -5.837  0.608E+01  0.608E+01
 -5.827  0.303E+02  0.303E+02
 -5.817  0.100E+02  0.100E+02
 -5.807  0.160E+02  0.160E+02
 -5.797  0.437E+02  0.438E+02
 -5.787  0.381E+02  0.381E+02
 -5.777  0.306E+02  0.306E+02
 -5.767  0.443E+02  0.443E+02
 -5.757  0.678E+01  0.678E+01
 -5.747  0.278E+02  0.278E+02
 -5.737  0.365E+02  0.365E+02
 -5.727  0.312E+02  0.312E+02
 -5.717  0.192E+02  0.192E+02
 -5.707  0.276E+02  0.276E+02
 -5.697  0.647E+02  0.647E+02
 -5.687  0.434E+02  0.434E+02
 -5.677  0.570E+02  0.570E+02
 -5.667  0.481E+02  0.481E+02
 -5.657  0.108E+03  0.108E+03
 -5.647  0.464E+02  0.464E+02
 -5.637  0.393E+02  0.393E+02
 -5.627  0.524E+02  0.524E+02
 -5.617  0.866E+02  0.867E+02
 -5.607  0.736E+02  0.736E+02
 -5.597  0.112E+03  0.112E+03
 -5.587  0.389E+02  0.389E+02
 -5.577  0.822E+02  0.822E+02
 -5.567  0.942E+02  0.942E+02
 -5.557  0.417E+02  0.417E+02
 -5.547  0.150E+03  0.151E+03
 -5.537  0.000E+00  0.000E+00
 -5.527  0.000E+00  0.000E+00
 -5.517  0.000E+00  0.000E+00
 -5.507  0.000E+00  0.000E+00
 -5.497  0.000E+00  0.000E+00
 -5.487  0.000E+00  0.000E+00
 -5.477  0.000E+00  0.000E+00
 -5.467  0.000E+00  0.000E+00
 -5.457  0.000E+00  0.000E+00
 -5.447  0.000E+00  0.000E+00
 -5.437  0.000E+00  0.000E+00
 -5.427  0.000E+00  0.000E+00
 -5.417  0.000E+00  0.000E+00
 -5.407  0.000E+00  0.000E+00
 -5.397  0.000E+00  0.000E+00
 -5.387  0.000E+00  0.000E+00
 -5.377  0.000E+00  0.000E+00
 -5.367  0.000E+00  0.000E+00
 -5.357  0.000E+00  0.000E+00
 -5.347  0.000E+00  0.000E+00
 -5.337  0.000E+00  0.000E+00
 -5.327  0.000E+00  0.000E+00
 -5.317  0.000E+00  0.000E+00
 -5.307  0.000E+00  0.000E+00
 -5.297  0.000E+00  0.000E+00
 -5.287  0.000E+00  0.000E+00
 -5.277  0.000E+00  0.000E+00
 -5.267  0.000E+00  0.000E+00
 -5.257  0.000E+00  0.000E+00
 -5.247  0.000E+00  0.000E+00
 -5.237  0.000E+00  0.000E+00
 -5.227  0.000E+00  0.000E+00
 -5.217  0.000E+00  0.000E+00
 -5.207  0.000E+00  0.000E+00
 -5.197  0.000E+00  0.000E+00
 -5.187  0.000E+00  0.000E+00
 -5.177  0.000E+00  0.000E+00
 -5.167  0.000E+00  0.000E+00
 -5.157  0.000E+00  0.000E+00
 -5.147  0.000E+00  0.000E+00
 -5.137  0.000E+00  0.000E+00
 -5.127  0.000E+00  0.000E+00
 -5.117  0.000E+00  0.000E+00
 -5.107  0.000E+00  0.000E+00
 -5.097  0.000E+00  0.000E+00
 -5.087  0.000E+00  0.000E+00
 -5.077  0.000E+00  0.000E+00
 -5.067  0.000E+00  0.000E+00
 -5.057  0.000E+00  0.000E+00
 -5.047  0.000E+00  0.000E+00
 -5.037  0.000E+00  0.000E+00
 -5.027  0.000E+00  0.000E+00
 -5.017  0.000E+00  0.000E+00
 -5.007  0.000E+00  0.000E+00
 -4.997  0.000E+00  0.000E+00
 -4.987  0.000E+00  0.000E+00
 -4.977  0.000E+00  0.000E+00
 -4.967  0.000E+00  0.000E+00
 -4.957  0.000E+00  0.000E+00
 -4.947  0.000E+00  0.000E+00
 -4.937  0.000E+00  0.000E+00
 -4.927  0.000E+00  0.000E+00
 -4.917  0.000E+00  0.000E+00
 -4.907  0.000E+00  0.000E+00
 -4.897  0.000E+00  0.000E+00
 -4.887  0.000E+00  0.000E+00
 -4.877  0.000E+00  0.000E+00
 -4.867  0.000E+00  0.000E+00
 -4.857  0.000E+00  0.000E+00
 -4.847  0.000E+00  0.000E+00
 -4.837  0.000E+00  0.000E+00
 -4.827  0.000E+00  0.000E+00
 -4.817  0.000E+00  0.000E+00
 -4.807  0.000E+00  0.000E+00
 -4.797  0.000E+00  0.000E+00
 -4.787  0.000E+00  0.000E+00
 -4.777  0.000E+00  0.000E+00
 -4.767  0.000E+00  0.000E+00
 -4.757  0.000E+00  0.000E+00
 -4.747  0.000E+00  0.000E+00
 -4.737  0.000E+00  0.000E+00
 -4.727  0.000E+00  0.000E+00
 -4.717  0.000E+00  0.000E+00
 -4.707  0.000E+00  0.000E+00
 -4.697  0.000E+00  0.000E+00
 -4.687  0.000E+00  0.000E+00
 -4.677  0.000E+00  0.000E+00
 -4.667  0.000E+00  0.000E+00
 -4.657  0.000E+00  0.000E+00
 -4.647  0.000E+00  0.000E+00
 -4.637  0.000E+00  0.000E+00
 -4.627  0.000E+00  0.000E+00
 -4.617  0.000E+00  0.000E+00
 -4.607  0.000E+00  0.000E+00
 -4.597  0.000E+00  0.000E+00
 -4.587  0.000E+00  0.000E+00
 -4.577  0.000E+00  0.000E+00
 -4.567  0.000E+00  0.000E+00
 -4.557  0.000E+00  0.000E+00
 -4.547  0.000E+00  0.000E+00
 -4.537  0.000E+00  0.000E+00
 -4.527  0.000E+00  0.000E+00
 -4.517  0.000E+00  0.000E+00
 -4.507  0.000E+00  0.000E+00
 -4.497  0.000E+00  0.000E+00
 -4.487  0.000E+00  0.000E+00
 -4.477  0.000E+00  0.000E+00
 -4.467  0.000E+00  0.000E+00
 -4.457  0.602E+02  0.602E+02
 -4.447  0.184E+02  0.184E+02
 -4.437  0.342E+01  0.342E+01
 -4.427  0.536E+02  0.536E+02
 -4.417  0.155E+03  0.155E+03
 -4.407  0.000E+00  0.000E+00
 -4.397  0.137E+03  0.137E+03
 -4.387  0.437E+02  0.437E+02
 -4.377  0.108E+03  0.108E+03
 -4.367  0.172E+03  0.172E+03
 -4.357  0.410E+03  0.409E+03
 -4.347  0.138E+03  0.138E+03
 -4.337  0.310E+03  0.310E+03
 -4.327  0.152E+03  0.152E+03
 -4.317  0.983E+02  0.983E+02
 -4.307  0.000E+00  0.000E+00
 -4.297  0.604E+03  0.604E+03
 -4.287  0.392E+03  0.393E+03
 -4.277  0.323E+03  0.324E+03
 -4.267  0.000E+00  0.000E+00
 -4.257  0.169E+03  0.169E+03
 -4.247  0.235E+03  0.235E+03
 -4.237  0.411E+03  0.411E+03
 -4.227  0.996E+03  0.996E+03
 -4.217  0.201E+03  0.201E+03
 -4.207  0.178E+03  0.178E+03
 -4.197  0.228E+03  0.228E+03
 -4.187  0.352E+03  0.352E+03
 -4.177  0.456E+03  0.456E+03
 -4.167  0.355E+03  0.355E+03
 -4.157  0.123E+04  0.123E+04
 -4.147  0.414E+03  0.414E+03
 -4.137  0.583E+03  0.583E+03
 -4.127  0.563E+03  0.563E+03
 -4.117  0.459E+03  0.459E+03
 -4.107  0.502E+03  0.502E+03
 -4.097  0.393E+03  0.393E+03
 -4.087  0.320E+03  0.320E+03
 -4.077  0.425E+03  0.425E+03
 -4.067  0.434E+03  0.434E+03
 -4.057  0.470E+03  0.470E+03
 -4.047  0.457E+03  0.457E+03
 -4.037  0.499E+03  0.499E+03
 -4.027  0.880E+03  0.880E+03
 -4.017  0.763E+03  0.763E+03
 -4.007  0.621E+03  0.621E+03
 -3.997  0.632E+03  0.632E+03
 -3.987  0.667E+03  0.667E+03
 -3.977  0.533E+03  0.533E+03
 -3.967  0.513E+03  0.513E+03
 -3.957  0.700E+03  0.700E+03
 -3.947  0.373E+03  0.373E+03
 -3.937  0.452E+03  0.452E+03
 -3.927  0.297E+03  0.297E+03
 -3.917  0.289E+03  0.289E+03
 -3.907  0.238E+03  0.238E+03
 -3.897  0.190E+03  0.190E+03
 -3.887  0.351E+02  0.351E+02
 -3.877  0.306E+02  0.306E+02
 -3.867  0.204E+02  0.204E+02
 -3.857  0.203E+02  0.203E+02
 -3.847  0.257E+02  0.257E+02
 -3.837  0.149E+02  0.149E+02
 -3.827  0.101E+02  0.101E+02
 -3.817  0.141E+02  0.141E+02
 -3.807  0.219E+02  0.219E+02
 -3.797  0.179E+02  0.179E+02
 -3.787  0.128E+02  0.128E+02
 -3.777  0.114E+02  0.114E+02
 -3.767  0.117E+02  0.117E+02
 -3.757  0.123E+02  0.123E+02
 -3.747  0.157E+02  0.157E+02
 -3.737  0.145E+02  0.145E+02
 -3.727  0.158E+02  0.158E+02
 -3.717  0.133E+02  0.133E+02
 -3.707  0.130E+02  0.130E+02
 -3.697  0.148E+02  0.148E+02
 -3.687  0.176E+02  0.176E+02
 -3.677  0.136E+02  0.136E+02
 -3.667  0.828E+01  0.828E+01
 -3.657  0.112E+02  0.112E+02
 -3.647  0.220E+02  0.220E+02
 -3.637  0.182E+02  0.182E+02
 -3.627  0.118E+02  0.118E+02
 -3.617  0.891E+01  0.891E+01
 -3.607  0.102E+02  0.102E+02
 -3.597  0.895E+01  0.895E+01
 -3.587  0.145E+02  0.145E+02
 -3.577  0.295E+02  0.295E+02
 -3.567  0.992E+01  0.992E+01
 -3.557  0.742E+01  0.742E+01
 -3.547  0.655E+01  0.655E+01
 -3.537  0.847E+01  0.847E+01
 -3.527  0.148E+02  0.148E+02
 -3.517  0.193E+02  0.193E+02
 -3.507  0.186E+02  0.186E+02
 -3.497  0.152E+02  0.152E+02
 -3.487  0.128E+02  0.128E+02
 -3.477  0.134E+02  0.134E+02
 -3.467  0.109E+02  0.109E+02
 -3.457  0.107E+02  0.107E+02
 -3.447  0.119E+02  0.119E+02
 -3.437  0.125E+02  0.125E+02
 -3.427  0.132E+02  0.132E+02
 -3.417  0.136E+02  0.136E+02
 -3.407  0.126E+02  0.126E+02
 -3.397  0.108E+02  0.108E+02
 -3.387  0.102E+02  0.102E+02
 -3.377  0.146E+02  0.146E+02
 -3.367  0.139E+02  0.139E+02
 -3.357  0.125E+02  0.125E+02
 -3.347  0.106E+02  0.106E+02
 -3.337  0.988E+01  0.988E+01
 -3.327  0.810E+01  0.810E+01
 -3.317  0.873E+01  0.873E+01
 -3.307  0.100E+02  0.100E+02
 -3.297  0.168E+02  0.168E+02
 -3.287  0.203E+02  0.203E+02
 -3.277  0.139E+02  0.139E+02
 -3.267  0.121E+02  0.121E+02
 -3.257  0.128E+02  0.128E+02
 -3.247  0.163E+02  0.163E+02
 -3.237  0.149E+02  0.149E+02
 -3.227  0.158E+02  0.158E+02
 -3.217  0.130E+02  0.130E+02
 -3.207  0.118E+02  0.118E+02
 -3.197  0.104E+02  0.104E+02
 -3.187  0.983E+01  0.983E+01
 -3.177  0.997E+01  0.997E+01
 -3.167  0.107E+02  0.107E+02
 -3.157  0.130E+02  0.130E+02
 -3.147  0.122E+02  0.122E+02
 -3.137  0.122E+02  0.122E+02
 -3.127  0.130E+02  0.130E+02
 -3.117  0.138E+02  0.138E+02
 -3.107  0.138E+02  0.138E+02
 -3.097  0.123E+02  0.123E+02
 -3.087  0.113E+02  0.113E+02
 -3.077  0.110E+02  0.110E+02
 -3.067  0.137E+02  0.137E+02
 -3.057  0.122E+02  0.122E+02
 -3.047  0.133E+02  0.133E+02
 -3.037  0.144E+02  0.144E+02
 -3.027  0.155E+02  0.155E+02
 -3.017  0.153E+02  0.153E+02
 -3.007  0.150E+02  0.150E+02
 -2.997  0.150E+02  0.150E+02
 -2.987  0.155E+02  0.155E+02
 -2.977  0.143E+02  0.143E+02
 -2.967  0.143E+02  0.143E+02
 -2.957  0.150E+02  0.150E+02
 -2.947  0.162E+02  0.162E+02
 -2.937  0.168E+02  0.168E+02
 -2.927  0.174E+02  0.174E+02
 -2.917  0.160E+02  0.160E+02
 -2.907  0.154E+02  0.154E+02
 -2.897  0.157E+02  0.157E+02
 -2.887  0.153E+02  0.153E+02
 -2.877  0.151E+02  0.151E+02
 -2.867  0.171E+02  0.171E+02
 -2.857  0.176E+02  0.176E+02
 -2.847  0.191E+02  0.191E+02
 -2.837  0.166E+02  0.166E+02
 -2.827  0.151E+02  0.151E+02
 -2.817  0.159E+02  0.159E+02
 -2.807  0.177E+02  0.177E+02
 -2.797  0.153E+02  0.153E+02
 -2.787  0.175E+02  0.175E+02
 -2.777  0.178E+02  0.178E+02
 -2.767  0.149E+02  0.149E+02
 -2.757  0.145E+02  0.145E+02
 -2.747  0.172E+02  0.172E+02
 -2.737  0.201E+02  0.201E+02
 -2.727  0.249E+02  0.249E+02
 -2.717  0.233E+02  0.233E+02
 -2.707  0.270E+02  0.270E+02
 -2.697  0.245E+02  0.245E+02
 -2.687  0.270E+02  0.270E+02
 -2.677  0.168E+02  0.168E+02
 -2.667  0.140E+02  0.140E+02
 -2.657  0.192E+02  0.192E+02
 -2.647  0.147E+02  0.147E+02
 -2.637  0.162E+02  0.162E+02
 -2.627  0.139E+02  0.139E+02
 -2.617  0.144E+02  0.144E+02
 -2.607  0.175E+02  0.175E+02
 -2.597  0.190E+02  0.190E+02
 -2.587  0.206E+02  0.206E+02
 -2.577  0.183E+02  0.183E+02
 -2.567  0.187E+02  0.187E+02
 -2.557  0.210E+02  0.210E+02
 -2.547  0.199E+02  0.199E+02
 -2.537  0.217E+02  0.217E+02
 -2.527  0.211E+02  0.211E+02
 -2.517  0.186E+02  0.186E+02
 -2.507  0.220E+02  0.220E+02
 -2.497  0.207E+02  0.207E+02
 -2.487  0.208E+02  0.208E+02
 -2.477  0.224E+02  0.224E+02
 -2.467  0.181E+02  0.181E+02
 -2.457  0.211E+02  0.211E+02
 -2.447  0.198E+02  0.198E+02
 -2.437  0.168E+02  0.168E+02
 -2.427  0.195E+02  0.195E+02
 -2.417  0.187E+02  0.187E+02
 -2.407  0.187E+02  0.187E+02
 -2.397  0.197E+02  0.197E+02
 -2.387  0.194E+02  0.194E+02
 -2.377  0.175E+02  0.175E+02
 -2.367  0.183E+02  0.183E+02
 -2.357  0.217E+02  0.217E+02
 -2.347  0.231E+02  0.231E+02
 -2.337  0.191E+02  0.191E+02
 -2.327  0.191E+02  0.191E+02
 -2.317  0.188E+02  0.188E+02
 -2.307  0.193E+02  0.193E+02
 -2.297  0.187E+02  0.187E+02
 -2.287  0.176E+02  0.176E+02
 -2.277  0.184E+02  0.184E+02
 -2.267  0.227E+02  0.227E+02
 -2.257  0.215E+02  0.215E+02
 -2.247  0.255E+02  0.255E+02
 -2.237  0.220E+02  0.220E+02
 -2.227  0.278E+02  0.278E+02
 -2.217  0.250E+02  0.250E+02
 -2.207  0.274E+02  0.274E+02
 -2.197  0.145E+02  0.145E+02
 -2.187  0.129E+02  0.129E+02
 -2.177  0.133E+02  0.133E+02
 -2.167  0.166E+02  0.166E+02
 -2.157  0.234E+02  0.234E+02
 -2.147  0.255E+02  0.255E+02
 -2.137  0.224E+02  0.224E+02
 -2.127  0.162E+02  0.162E+02
 -2.117  0.133E+02  0.133E+02
 -2.107  0.143E+02  0.143E+02
 -2.097  0.124E+02  0.124E+02
 -2.087  0.995E+01  0.995E+01
 -2.077  0.796E+01  0.796E+01
 -2.067  0.447E+01  0.447E+01
 -2.057  0.327E-01  0.327E-01
 -2.047  0.000E+00  0.000E+00
 -2.037  0.000E+00  0.000E+00
 -2.027  0.000E+00  0.000E+00
 -2.017  0.000E+00  0.000E+00
 -2.007  0.000E+00  0.000E+00
 -1.997  0.000E+00  0.000E+00
 -1.987  0.000E+00  0.000E+00
 -1.977  0.000E+00  0.000E+00
 -1.967  0.000E+00  0.000E+00
 -1.957  0.000E+00  0.000E+00
 -1.947  0.000E+00  0.000E+00
 -1.937  0.000E+00  0.000E+00
 -1.927  0.000E+00  0.000E+00
 -1.917  0.000E+00  0.000E+00
 -1.907  0.000E+00  0.000E+00
 -1.897  0.000E+00  0.000E+00
 -1.887  0.000E+00  0.000E+00
 -1.877  0.000E+00  0.000E+00
 -1.867  0.000E+00  0.000E+00
 -1.857  0.000E+00  0.000E+00
 -1.847  0.000E+00  0.000E+00
 -1.837  0.000E+00  0.000E+00
 -1.827  0.000E+00  0.000E+00
 -1.817  0.000E+00  0.000E+00
 -1.807  0.000E+00  0.000E+00
 -1.797  0.000E+00  0.000E+00
 -1.787  0.000E+00  0.000E+00
 -1.777  0.000E+00  0.000E+00
 -1.767  0.000E+00  0.000E+00
 -1.757  0.000E+00  0.000E+00
 -1.747  0.000E+00  0.000E+00
 -1.737  0.000E+00  0.000E+00
 -1.727  0.000E+00  0.000E+00
 -1.717  0.000E+00  0.000E+00
 -1.707  0.000E+00  0.000E+00
 -1.697  0.000E+00  0.000E+00
 -1.687  0.000E+00  0.000E+00
 -1.677  0.000E+00  0.000E+00
 -1.667  0.000E+00  0.000E+00
 -1.657  0.000E+00  0.000E+00
 -1.647  0.000E+00  0.000E+00
 -1.637  0.000E+00  0.000E+00
 -1.627  0.000E+00  0.000E+00
 -1.617  0.000E+00  0.000E+00
 -1.607  0.000E+00  0.000E+00
 -1.597  0.000E+00  0.000E+00
 -1.587  0.000E+00  0.000E+00
 -1.577  0.000E+00  0.000E+00
 -1.567  0.000E+00  0.000E+00
 -1.557  0.000E+00  0.000E+00
 -1.547  0.000E+00  0.000E+00
 -1.537  0.000E+00  0.000E+00
 -1.527  0.000E+00  0.000E+00
 -1.517  0.000E+00  0.000E+00
 -1.507  0.000E+00  0.000E+00
 -1.497  0.000E+00  0.000E+00
 -1.487  0.000E+00  0.000E+00
 -1.477  0.000E+00  0.000E+00
 -1.467  0.000E+00  0.000E+00
 -1.457  0.000E+00  0.000E+00
 -1.447  0.000E+00  0.000E+00
 -1.437  0.000E+00  0.000E+00
 -1.427  0.000E+00  0.000E+00
 -1.417  0.000E+00  0.000E+00
 -1.407  0.000E+00  0.000E+00
 -1.397  0.000E+00  0.000E+00
 -1.387  0.000E+00  0.000E+00
 -1.377  0.000E+00  0.000E+00
 -1.367  0.000E+00  0.000E+00
 -1.357  0.000E+00  0.000E+00
 -1.347  0.000E+00  0.000E+00
 -1.337  0.000E+00  0.000E+00
 -1.327  0.000E+00  0.000E+00
 -1.317  0.000E+00  0.000E+00
 -1.307  0.000E+00  0.000E+00
 -1.297  0.000E+00  0.000E+00
 -1.287  0.000E+00  0.000E+00
 -1.277  0.000E+00  0.000E+00
 -1.267  0.000E+00  0.000E+00
 -1.257  0.000E+00  0.000E+00
 -1.247  0.000E+00  0.000E+00
 -1.237  0.000E+00  0.000E+00
 -1.227  0.000E+00  0.000E+00
 -1.217  0.000E+00  0.000E+00
 -1.207  0.000E+00  0.000E+00
 -1.197  0.000E+00  0.000E+00
 -1.187  0.000E+00  0.000E+00
 -1.177  0.000E+00  0.000E+00
 -1.167  0.000E+00  0.000E+00
 -1.157  0.000E+00  0.000E+00
 -1.147  0.000E+00  0.000E+00
 -1.137  0.000E+00  0.000E+00
 -1.127  0.000E+00  0.000E+00
 -1.117  0.000E+00  0.000E+00
 -1.107  0.000E+00  0.000E+00
 -1.097  0.000E+00  0.000E+00
 -1.087  0.000E+00  0.000E+00
 -1.077  0.000E+00  0.000E+00
 -1.067  0.000E+00  0.000E+00
 -1.057  0.000E+00  0.000E+00
 -1.047  0.000E+00  0.000E+00
 -1.037  0.000E+00  0.000E+00
 -1.027  0.000E+00  0.000E+00
 -1.017  0.000E+00  0.000E+00
 -1.007  0.000E+00  0.000E+00
 -0.997  0.000E+00  0.000E+00
 -0.987  0.000E+00  0.000E+00
 -0.977  0.000E+00  0.000E+00
 -0.967  0.000E+00  0.000E+00
 -0.957  0.000E+00  0.000E+00
 -0.947  0.000E+00  0.000E+00
 -0.937  0.000E+00  0.000E+00
 -0.927  0.000E+00  0.000E+00
 -0.917  0.000E+00  0.000E+00
 -0.907  0.000E+00  0.000E+00
 -0.897  0.000E+00  0.000E+00
 -0.887  0.000E+00  0.000E+00
 -0.877  0.000E+00  0.000E+00
 -0.867  0.000E+00  0.000E+00
 -0.857  0.000E+00  0.000E+00
 -0.847  0.000E+00  0.000E+00
 -0.837  0.000E+00  0.000E+00
 -0.827  0.000E+00  0.000E+00
 -0.817  0.000E+00  0.000E+00
 -0.807  0.000E+00  0.000E+00
 -0.797  0.000E+00  0.000E+00
 -0.787  0.000E+00  0.000E+00
 -0.777  0.000E+00  0.000E+00
 -0.767  0.000E+00  0.000E+00
 -0.757  0.000E+00  0.000E+00
 -0.747  0.000E+00  0.000E+00
 -0.737  0.000E+00  0.000E+00
 -0.727  0.000E+00  0.000E+00
 -0.717  0.000E+00  0.000E+00
 -0.707  0.000E+00  0.000E+00
 -0.697  0.000E+00  0.000E+00
 -0.687  0.000E+00  0.000E+00
 -0.677  0.000E+00  0.000E+00
 -0.667  0.000E+00  0.000E+00
 -0.657  0.000E+00  0.000E+00
 -0.647  0.000E+00  0.000E+00
 -0.637  0.000E+00  0.000E+00
 -0.627  0.000E+00  0.000E+00
 -0.617  0.000E+00  0.000E+00
 -0.607  0.000E+00  0.000E+00
 -0.597  0.000E+00  0.000E+00
 -0.587  0.000E+00  0.000E+00
 -0.577  0.000E+00  0.000E+00
 -0.567  0.000E+00  0.000E+00
 -0.557  0.000E+00  0.000E+00
 -0.547  0.000E+00  0.000E+00
 -0.537  0.000E+00  0.000E+00
 -0.527  0.000E+00  0.000E+00
 -0.517  0.000E+00  0.000E+00
 -0.507  0.000E+00  0.000E+00
 -0.497  0.000E+00  0.000E+00
 -0.487  0.000E+00  0.000E+00
 -0.477  0.000E+00  0.000E+00
 -0.467  0.000E+00  0.000E+00
 -0.457  0.000E+00  0.000E+00
 -0.447  0.000E+00  0.000E+00
 -0.437  0.000E+00  0.000E+00
 -0.427  0.000E+00  0.000E+00
 -0.417  0.000E+00  0.000E+00
 -0.407  0.000E+00  0.000E+00
 -0.397  0.000E+00  0.000E+00
 -0.387  0.000E+00  0.000E+00
 -0.377  0.000E+00  0.000E+00
 -0.367  0.000E+00  0.000E+00
 -0.357  0.000E+00  0.000E+00
 -0.347  0.000E+00  0.000E+00
 -0.337  0.000E+00  0.000E+00
 -0.327  0.000E+00  0.000E+00
 -0.317  0.000E+00  0.000E+00
 -0.307  0.000E+00  0.000E+00
 -0.297  0.000E+00  0.000E+00
 -0.287  0.000E+00  0.000E+00
 -0.277  0.000E+00  0.000E+00
 -0.267  0.000E+00  0.000E+00
 -0.257  0.000E+00  0.000E+00
 -0.247  0.000E+00  0.000E+00
 -0.237  0.000E+00  0.000E+00
 -0.227  0.000E+00  0.000E+00
 -0.217  0.000E+00  0.000E+00
 -0.207  0.000E+00  0.000E+00
 -0.197  0.000E+00  0.000E+00
 -0.187  0.000E+00  0.000E+00
 -0.177  0.000E+00  0.000E+00
 -0.167  0.000E+00  0.000E+00
 -0.157  0.000E+00  0.000E+00
 -0.147  0.000E+00  0.000E+00
 -0.137  0.000E+00  0.000E+00
 -0.127  0.000E+00  0.000E+00
 -0.117  0.000E+00  0.000E+00
 -0.107  0.000E+00  0.000E+00
 -0.097  0.000E+00  0.000E+00
 -0.087  0.000E+00  0.000E+00
 -0.077  0.000E+00  0.000E+00
 -0.067  0.000E+00  0.000E+00
 -0.057  0.000E+00  0.000E+00
 -0.047  0.000E+00  0.000E+00
 -0.037  0.000E+00  0.000E+00
 -0.027  0.000E+00  0.000E+00
 -0.017  0.000E+00  0.000E+00
 -0.007  0.000E+00  0.000E+00
  0.003  0.000E+00  0.000E+00
  0.013  0.000E+00  0.000E+00
  0.023  0.000E+00  0.000E+00
  0.033  0.000E+00  0.000E+00
  0.043  0.000E+00  0.000E+00
  0.053  0.000E+00  0.000E+00
  0.063  0.000E+00  0.000E+00
  0.073  0.000E+00  0.000E+00
  0.083  0.000E+00  0.000E+00
  0.093  0.000E+00  0.000E+00
  0.103  0.000E+00  0.000E+00
  0.113  0.000E+00  0.000E+00
  0.123  0.000E+00  0.000E+00
  0.133  0.000E+00  0.000E+00
  0.143  0.000E+00  0.000E+00
  0.153  0.000E+00  0.000E+00
  0.163  0.000E+00  0.000E+00
  0.173  0.000E+00  0.000E+00
  0.183  0.000E+00  0.000E+00
  0.193  0.000E+00  0.000E+00
  0.203  0.000E+00  0.000E+00
  0.213  0.000E+00  0.000E+00
  0.223  0.000E+00  0.000E+00
  0.233  0.000E+00  0.000E+00
  0.243  0.000E+00  0.000E+00
  0.253  0.000E+00  0.000E+00
  0.263  0.000E+00  0.000E+00
  0.273  0.000E+00  0.000E+00
  0.283  0.000E+00  0.000E+00
  0.293  0.000E+00  0.000E+00
  0.303  0.000E+00  0.000E+00
  0.313  0.000E+00  0.000E+00
  0.323  0.000E+00  0.000E+00
  0.333  0.000E+00  0.000E+00
  0.343  0.000E+00  0.000E+00
  0.353  0.000E+00  0.000E+00
  0.363  0.000E+00  0.000E+00
  0.373  0.000E+00  0.000E+00
  0.383  0.000E+00  0.000E+00
  0.393  0.000E+00  0.000E+00
  0.403  0.000E+00  0.000E+00
  0.413  0.000E+00  0.000E+00
  0.423  0.000E+00  0.000E+00
  0.433  0.000E+00  0.000E+00
  0.443  0.000E+00  0.000E+00
  0.453  0.000E+00  0.000E+00
  0.463  0.000E+00  0.000E+00
  0.473  0.000E+00  0.000E+00
  0.483  0.000E+00  0.000E+00
  0.493  0.251E+01  0.251E+01
  0.503  0.139E+01  0.139E+01
  0.513  0.823E+00  0.823E+00
  0.523  0.607E+00  0.607E+00
  0.533  0.000E+00  0.000E+00
  0.543  0.000E+00  0.000E+00
  0.553  0.000E+00  0.000E+00
  0.563  0.000E+00  0.000E+00
  0.573  0.000E+00  0.000E+00
  0.583  0.000E+00  0.000E+00
  0.593  0.000E+00  0.000E+00
  0.603  0.000E+00  0.000E+00
  0.613  0.000E+00  0.000E+00
  0.623  0.000E+00  0.000E+00
  0.633  0.000E+00  0.000E+00
  0.643  0.000E+00  0.000E+00
  0.653  0.000E+00  0.000E+00
  0.663  0.000E+00  0.000E+00
  0.673  0.000E+00  0.000E+00
  0.683  0.000E+00  0.000E+00
  0.693  0.000E+00  0.000E+00
  0.703  0.000E+00  0.000E+00
  0.713  0.000E+00  0.000E+00
  0.723  0.000E+00  0.000E+00
  0.733  0.000E+00  0.000E+00
  0.743  0.000E+00  0.000E+00
  0.753  0.000E+00  0.000E+00
  0.763  0.000E+00  0.000E+00
  0.773  0.000E+00  0.000E+00
  0.783  0.000E+00  0.000E+00
  0.793  0.000E+00  0.000E+00
  0.803  0.000E+00  0.000E+00
  0.813  0.000E+00  0.000E+00
  0.823  0.000E+00  0.000E+00
  0.833  0.000E+00  0.000E+00
  0.843  0.000E+00  0.000E+00
  0.853  0.000E+00  0.000E+00
  0.863  0.000E+00  0.000E+00
  0.873  0.000E+00  0.000E+00
  0.883  0.000E+00  0.000E+00
  0.893  0.000E+00  0.000E+00
  0.903  0.000E+00  0.000E+00
  0.913  0.000E+00  0.000E+00
  0.923  0.000E+00  0.000E+00
  0.933  0.000E+00  0.000E+00
  0.943  0.000E+00  0.000E+00
  0.953  0.000E+00  0.000E+00
  0.963  0.000E+00  0.000E+00
  0.973  0.000E+00  0.000E+00
  0.983  0.000E+00  0.000E+00
  0.993  0.000E+00  0.000E+00
  1.003  0.000E+00  0.000E+00
  1.013  0.000E+00  0.000E+00
  1.023  0.000E+00  0.000E+00
  1.033  0.000E+00  0.000E+00
  1.043  0.000E+00  0.000E+00
  1.053  0.000E+00  0.000E+00
  1.063  0.000E+00  0.000E+00
  1.073  0.000E+00  0.000E+00
  1.083  0.000E+00  0.000E+00
  1.093  0.000E+00  0.000E+00
  1.103  0.000E+00  0.000E+00
  1.113  0.000E+00  0.000E+00
  1.123  0.000E+00  0.000E+00
  1.133  0.000E+00  0.000E+00
  1.143  0.000E+00  0.000E+00
  1.153  0.000E+00  0.000E+00
  1.163  0.000E+00  0.000E+00
  1.173  0.000E+00  0.000E+00
  1.183  0.000E+00  0.000E+00
  1.193  0.000E+00  0.000E+00
  1.203  0.000E+00  0.000E+00
  1.213  0.000E+00  0.000E+00
  1.223  0.000E+00  0.000E+00
  1.233  0.000E+00  0.000E+00
  1.243  0.000E+00  0.000E+00
  1.253  0.000E+00  0.000E+00
  1.263  0.000E+00  0.000E+00
  1.273  0.000E+00  0.000E+00
  1.283  0.000E+00  0.000E+00
  1.293  0.000E+00  0.000E+00
  1.303  0.000E+00  0.000E+00
  1.313  0.000E+00  0.000E+00
  1.323  0.000E+00  0.000E+00
  1.333  0.000E+00  0.000E+00
  1.343  0.000E+00  0.000E+00
  1.353  0.000E+00  0.000E+00
  1.363  0.000E+00  0.000E+00
  1.373  0.000E+00  0.000E+00
  1.383  0.000E+00  0.000E+00
  1.393  0.000E+00  0.000E+00
  1.403  0.000E+00  0.000E+00
  1.413  0.000E+00  0.000E+00
  1.423  0.000E+00  0.000E+00
  1.433  0.000E+00  0.000E+00
  1.443  0.000E+00  0.000E+00
  1.453  0.000E+00  0.000E+00
  1.463  0.000E+00  0.000E+00
  1.473  0.000E+00  0.000E+00
  1.483  0.000E+00  0.000E+00
  1.493  0.000E+00  0.000E+00
  1.503  0.000E+00  0.000E+00
  1.513  0.000E+00  0.000E+00
  1.523  0.000E+00  0.000E+00
  1.533  0.000E+00  0.000E+00
  1.543  0.000E+00  0.000E+00
  1.553  0.000E+00  0.000E+00
  1.563  0.000E+00  0.000E+00
  1.573  0.000E+00  0.000E+00
  1.583  0.000E+00  0.000E+00
  1.593  0.000E+00  0.000E+00
  1.603  0.000E+00  0.000E+00
  1.613  0.000E+00  0.000E+00
  1.623  0.000E+00  0.000E+00
  1.633  0.000E+00  0.000E+00
  1.643  0.000E+00  0.000E+00
  1.653  0.000E+00  0.000E+00
  1.663  0.000E+00  0.000E+00
  1.673  0.000E+00  0.000E+00
  1.683  0.000E+00  0.000E+00
  1.693  0.000E+00  0.000E+00
  1.703  0.000E+00  0.000E+00
  1.713  0.000E+00  0.000E+00
  1.723  0.000E+00  0.000E+00
  1.733  0.000E+00  0.000E+00
  1.743  0.000E+00  0.000E+00
  1.753  0.000E+00  0.000E+00
  1.763  0.000E+00  0.000E+00
  1.773  0.000E+00  0.000E+00
  1.783  0.000E+00  0.000E+00
  1.793  0.000E+00  0.000E+00
  1.803  0.000E+00  0.000E+00
  1.813  0.000E+00  0.000E+00
  1.823  0.000E+00  0.000E+00
  1.833  0.000E+00  0.000E+00
  1.843  0.000E+00  0.000E+00
  1.853  0.000E+00  0.000E+00
  1.863  0.000E+00  0.000E+00
  1.873  0.000E+00  0.000E+00
  1.883  0.000E+00  0.000E+00
  1.893  0.000E+00  0.000E+00
  1.903  0.000E+00  0.000E+00
  1.913  0.000E+00  0.000E+00
  1.923  0.000E+00  0.000E+00
  1.933  0.000E+00  0.000E+00
  1.943  0.000E+00  0.000E+00
  1.953  0.000E+00  0.000E+00
  1.963  0.000E+00  0.000E+00
  1.973  0.000E+00  0.000E+00
  1.983  0.000E+00  0.000E+00
  1.993  0.000E+00  0.000E+00
  2.003  0.000E+00  0.000E+00
  2.013  0.000E+00  0.000E+00
  2.023  0.000E+00  0.000E+00
  2.033  0.000E+00  0.000E+00
  2.043  0.000E+00  0.000E+00
  2.053  0.000E+00  0.000E+00
  2.063  0.000E+00  0.000E+00
  2.073  0.000E+00  0.000E+00
  2.083  0.000E+00  0.000E+00
  2.093  0.000E+00  0.000E+00
  2.103  0.000E+00  0.000E+00
  2.113  0.000E+00  0.000E+00
  2.123  0.000E+00  0.000E+00
  2.133  0.000E+00  0.000E+00
  2.143  0.000E+00  0.000E+00
  2.153  0.000E+00  0.000E+00
  2.163  0.000E+00  0.000E+00
  2.173  0.000E+00  0.000E+00
  2.183  0.000E+00  0.000E+00
  2.193  0.000E+00  0.000E+00
  2.203  0.000E+00  0.000E+00
  2.213  0.000E+00  0.000E+00
  2.223  0.000E+00  0.000E+00
  2.233  0.000E+00  0.000E+00
  2.243  0.992E-03  0.992E-03
  2.253  0.355E-02  0.355E-02
  2.263  0.611E-02  0.611E-02
  2.273  0.923E-02  0.923E-02
  2.283  0.130E-01  0.130E-01
  2.293  0.173E-01  0.173E-01
  2.303  0.226E-01  0.226E-01
  2.313  0.288E-01  0.288E-01
  2.323  0.360E-01  0.360E-01
  2.333  0.458E-01  0.458E-01
  2.343  0.605E-01  0.605E-01
  2.353  0.822E-01  0.822E-01
  2.363  0.121E+00  0.121E+00
  2.373  0.149E+00  0.149E+00
  2.383  0.162E+00  0.162E+00
  2.393  0.166E+00  0.166E+00
  2.403  0.173E+00  0.173E+00
  2.413  0.183E+00  0.183E+00
  2.423  0.191E+00  0.191E+00
  2.433  0.186E+00  0.186E+00
  2.443  0.143E+00  0.143E+00
  2.453  0.141E+00  0.141E+00
  2.463  0.142E+00  0.142E+00
  2.473  0.156E+00  0.156E+00
  2.483  0.170E+00  0.170E+00
  2.493  0.186E+00  0.186E+00
  2.503  0.194E+00  0.194E+00
  2.513  0.207E+00  0.207E+00
  2.523  0.234E+00  0.234E+00
  2.533  0.376E+00  0.376E+00
  2.543  0.460E+00  0.460E+00
  2.553  0.441E+00  0.441E+00
  2.563  0.315E+00  0.315E+00
  2.573  0.289E+00  0.289E+00
  2.583  0.268E+00  0.268E+00
  2.593  0.245E+00  0.245E+00
  2.603  0.207E+00  0.207E+00
  2.613  0.242E+00  0.242E+00
  2.623  0.600E-01  0.601E-01
  2.633  0.000E+00  0.000E+00
  2.643  0.000E+00  0.000E+00
  2.653  0.275E-02  0.275E-02
  2.663  0.133E-01  0.133E-01
  2.673  0.323E-01  0.323E-01
  2.683  0.571E-01  0.571E-01
  2.693  0.794E-01  0.794E-01
  2.703  0.922E-01  0.922E-01
  2.713  0.976E-01  0.976E-01
  2.723  0.102E+00  0.102E+00
  2.733  0.101E+00  0.101E+00
  2.743  0.107E+00  0.107E+00
  2.753  0.160E+00  0.160E+00
  2.763  0.173E+00  0.173E+00
  2.773  0.194E+00  0.194E+00
  2.783  0.214E+00  0.214E+00
  2.793  0.256E+00  0.256E+00
  2.803  0.311E+00  0.311E+00
  2.813  0.329E+00  0.329E+00
  2.823  0.341E+00  0.341E+00
  2.833  0.401E+00  0.401E+00
  2.843  0.427E+00  0.427E+00
  2.853  0.275E+00  0.275E+00
  2.863  0.275E+00  0.275E+00
  2.873  0.247E+00  0.247E+00
  2.883  0.306E+00  0.306E+00
  2.893  0.301E+00  0.301E+00
  2.903  0.374E+00  0.374E+00
  2.913  0.335E+00  0.335E+00
  2.923  0.396E+00  0.396E+00
  2.933  0.395E+00  0.395E+00
  2.943  0.386E+00  0.386E+00
  2.953  0.396E+00  0.396E+00
  2.963  0.451E+00  0.451E+00
  2.973  0.430E+00  0.430E+00
  2.983  0.428E+00  0.428E+00
  2.993  0.468E+00  0.468E+00
  3.003  0.464E+00  0.464E+00
  3.013  0.457E+00  0.457E+00
  3.023  0.443E+00  0.443E+00
  3.033  0.503E+00  0.503E+00
  3.043  0.520E+00  0.520E+00
  3.053  0.539E+00  0.539E+00
  3.063  0.568E+00  0.568E+00
  3.073  0.577E+00  0.577E+00
  3.083  0.567E+00  0.567E+00
  3.093  0.568E+00  0.568E+00
  3.103  0.595E+00  0.595E+00
  3.113  0.635E+00  0.635E+00
  3.123  0.659E+00  0.659E+00
  3.133  0.642E+00  0.642E+00
  3.143  0.603E+00  0.603E+00
  3.153  0.579E+00  0.579E+00
  3.163  0.538E+00  0.538E+00
  3.173  0.542E+00  0.542E+00
  3.183  0.601E+00  0.601E+00
  3.193  0.638E+00  0.638E+00
  3.203  0.613E+00  0.613E+00
  3.213  0.611E+00  0.611E+00
  3.223  0.590E+00  0.590E+00
  3.233  0.545E+00  0.545E+00
  3.243  0.773E+00  0.773E+00
  3.253  0.834E+00  0.834E+00
  3.263  0.763E+00  0.763E+00
  3.273  0.804E+00  0.804E+00
  3.283  0.768E+00  0.768E+00
  3.293  0.757E+00  0.757E+00
  3.303  0.793E+00  0.793E+00
  3.313  0.800E+00  0.800E+00
  3.323  0.705E+00  0.705E+00
  3.333  0.724E+00  0.724E+00
  3.343  0.775E+00  0.775E+00
  3.353  0.796E+00  0.796E+00
  3.363  0.756E+00  0.756E+00
  3.373  0.714E+00  0.714E+00
  3.383  0.731E+00  0.731E+00
  3.393  0.749E+00  0.749E+00
  3.403  0.740E+00  0.740E+00
  3.413  0.798E+00  0.798E+00
  3.423  0.821E+00  0.821E+00
  3.433  0.817E+00  0.817E+00
  3.443  0.812E+00  0.812E+00
  3.453  0.810E+00  0.810E+00
  3.463  0.725E+00  0.725E+00
  3.473  0.626E+00  0.626E+00
  3.483  0.677E+00  0.677E+00
  3.493  0.704E+00  0.704E+00
  3.503  0.724E+00  0.724E+00
  3.513  0.595E+00  0.595E+00
  3.523  0.585E+00  0.585E+00
  3.533  0.713E+00  0.713E+00
  3.543  0.632E+00  0.632E+00
  3.553  0.697E+00  0.697E+00
  3.563  0.739E+00  0.739E+00
  3.573  0.837E+00  0.837E+00
  3.583  0.790E+00  0.790E+00
  3.593  0.791E+00  0.791E+00
  3.603  0.730E+00  0.730E+00
  3.613  0.707E+00  0.707E+00
  3.623  0.672E+00  0.672E+00
  3.633  0.670E+00  0.670E+00
  3.643  0.795E+00  0.795E+00
  3.653  0.744E+00  0.744E+00
  3.663  0.699E+00  0.699E+00
  3.673  0.668E+00  0.668E+00
  3.683  0.646E+00  0.646E+00
  3.693  0.587E+00  0.587E+00
  3.703  0.588E+00  0.588E+00
  3.713  0.539E+00  0.539E+00
  3.723  0.499E+00  0.499E+00
  3.733  0.556E+00  0.556E+00
  3.743  0.535E+00  0.535E+00
  3.753  0.482E+00  0.482E+00
  3.763  0.520E+00  0.520E+00
  3.773  0.544E+00  0.544E+00
  3.783  0.403E+00  0.403E+00
  3.793  0.355E+00  0.355E+00
  3.803  0.445E+00  0.445E+00
  3.813  0.633E+00  0.633E+00
  3.823  0.689E+00  0.689E+00
  3.833  0.790E+00  0.790E+00
  3.843  0.108E+01  0.108E+01
  3.853  0.813E+00  0.813E+00
  3.863  0.602E+00  0.602E+00
  3.873  0.557E+00  0.557E+00
  3.883  0.492E+00  0.492E+00
  3.893  0.525E+00  0.525E+00
  3.903  0.575E+00  0.576E+00
  3.913  0.578E+00  0.578E+00
  3.923  0.595E+00  0.595E+00
  3.933  0.564E+00  0.564E+00
  3.943  0.560E+00  0.560E+00
  3.953  0.560E+00  0.560E+00
  3.963  0.572E+00  0.572E+00
  3.973  0.595E+00  0.595E+00
  3.983  0.616E+00  0.616E+00
  3.993  0.598E+00  0.598E+00
  4.003  0.749E+00  0.749E+00
  4.013  0.810E+00  0.810E+00
  4.023  0.779E+00  0.779E+00
  4.033  0.746E+00  0.746E+00
  4.043  0.692E+00  0.692E+00
  4.053  0.811E+00  0.811E+00
  4.063  0.845E+00  0.845E+00
  4.073  0.715E+00  0.715E+00
  4.083  0.655E+00  0.655E+00
  4.093  0.615E+00  0.615E+00
  4.103  0.763E+00  0.763E+00
  4.113  0.108E+01  0.108E+01
  4.123  0.601E+00  0.601E+00
  4.133  0.498E+00  0.498E+00
  4.143  0.484E+00  0.484E+00
  4.153  0.606E+00  0.606E+00
  4.163  0.810E+00  0.810E+00
  4.173  0.710E+00  0.710E+00
  4.183  0.567E+00  0.567E+00
  4.193  0.477E+00  0.477E+00
  4.203  0.445E+00  0.445E+00
  4.213  0.457E+00  0.457E+00
  4.223  0.500E+00  0.500E+00
  4.233  0.533E+00  0.533E+00
  4.243  0.575E+00  0.575E+00
  4.253  0.609E+00  0.609E+00
  4.263  0.623E+00  0.623E+00
  4.273  0.604E+00  0.604E+00
  4.283  0.628E+00  0.628E+00
  4.293  0.637E+00  0.637E+00
  4.303  0.575E+00  0.575E+00
  4.313  0.518E+00  0.518E+00
  4.323  0.480E+00  0.480E+00
  4.333  0.465E+00  0.465E+00
  4.343  0.533E+00  0.533E+00
  4.353  0.431E+00  0.431E+00
  4.363  0.413E+00  0.413E+00
  4.373  0.450E+00  0.450E+00
  4.383  0.567E+00  0.567E+00
  4.393  0.528E+00  0.528E+00
  4.403  0.471E+00  0.471E+00
  4.413  0.409E+00  0.409E+00
  4.423  0.358E+00  0.358E+00
  4.433  0.378E+00  0.378E+00
  4.443  0.381E+00  0.381E+00
  4.453  0.392E+00  0.392E+00
  4.463  0.387E+00  0.387E+00
  4.473  0.391E+00  0.391E+00
  4.483  0.392E+00  0.392E+00
  4.493  0.410E+00  0.410E+00
  4.503  0.433E+00  0.433E+00
  4.513  0.462E+00  0.462E+00
  4.523  0.521E+00  0.521E+00
  4.533  0.516E+00  0.516E+00
  4.543  0.490E+00  0.490E+00
  4.553  0.525E+00  0.525E+00
  4.563  0.493E+00  0.493E+00
  4.573  0.489E+00  0.489E+00
  4.583  0.496E+00  0.496E+00
  4.593  0.484E+00  0.484E+00
  4.603  0.474E+00  0.474E+00
  4.613  0.478E+00  0.478E+00
  4.623  0.493E+00  0.493E+00
  4.633  0.512E+00  0.512E+00
  4.643  0.534E+00  0.534E+00
  4.653  0.552E+00  0.552E+00
  4.663  0.564E+00  0.564E+00
  4.673  0.515E+00  0.515E+00
  4.683  0.504E+00  0.504E+00
  4.693  0.496E+00  0.496E+00
  4.703  0.479E+00  0.479E+00
  4.713  0.457E+00  0.457E+00
  4.723  0.443E+00  0.443E+00
  4.733  0.454E+00  0.454E+00
  4.743  0.469E+00  0.469E+00
  4.753  0.490E+00  0.490E+00
  4.763  0.494E+00  0.494E+00
  4.773  0.496E+00  0.496E+00
  4.783  0.492E+00  0.492E+00
  4.793  0.481E+00  0.481E+00
  4.803  0.474E+00  0.474E+00
  4.813  0.467E+00  0.467E+00
  4.823  0.513E+00  0.513E+00
  4.833  0.565E+00  0.565E+00
  4.843  0.499E+00  0.499E+00
  4.853  0.481E+00  0.481E+00
  4.863  0.466E+00  0.466E+00
  4.873  0.450E+00  0.450E+00
  4.883  0.435E+00  0.435E+00
  4.893  0.424E+00  0.424E+00
  4.903  0.415E+00  0.415E+00
  4.913  0.407E+00  0.407E+00
  4.923  0.400E+00  0.400E+00
  4.933  0.396E+00  0.396E+00
  4.943  0.401E+00  0.401E+00
  4.953  0.406E+00  0.406E+00
  4.963  0.410E+00  0.410E+00
  4.973  0.418E+00  0.418E+00
  4.983  0.429E+00  0.429E+00
  4.993  0.454E+00  0.454E+00
  5.003  0.427E+00  0.427E+00
  5.013  0.419E+00  0.419E+00
  5.023  0.420E+00  0.420E+00
  5.033  0.446E+00  0.446E+00
  5.043  0.472E+00  0.472E+00
  5.053  0.497E+00  0.497E+00
  5.063  0.510E+00  0.510E+00
  5.073  0.506E+00  0.506E+00
  5.083  0.545E+00  0.545E+00
  5.093  0.566E+00  0.566E+00
  5.103  0.573E+00  0.573E+00
  5.113  0.574E+00  0.574E+00
  5.123  0.579E+00  0.579E+00
  5.133  0.584E+00  0.584E+00
  5.143  0.560E+00  0.560E+00
  5.153  0.535E+00  0.535E+00
  5.163  0.559E+00  0.559E+00
  5.173  0.589E+00  0.589E+00
  5.183  0.593E+00  0.593E+00
  5.193  0.583E+00  0.583E+00
  5.203  0.577E+00  0.577E+00
  5.213  0.588E+00  0.588E+00
  5.223  0.623E+00  0.623E+00
  5.233  0.680E+00  0.680E+00
  5.243  0.629E+00  0.629E+00
  5.253  0.584E+00  0.584E+00
  5.263  0.527E+00  0.527E+00
  5.273  0.515E+00  0.515E+00
  5.283  0.520E+00  0.520E+00
  5.293  0.533E+00  0.533E+00
  5.303  0.598E+00  0.598E+00
  5.313  0.625E+00  0.625E+00
  5.323  0.651E+00  0.651E+00
  5.333  0.652E+00  0.652E+00
  5.343  0.645E+00  0.645E+00
  5.353  0.641E+00  0.641E+00
  5.363  0.629E+00  0.629E+00
  5.373  0.613E+00  0.613E+00
  5.383  0.623E+00  0.623E+00
  5.393  0.606E+00  0.606E+00
  5.403  0.570E+00  0.570E+00
  5.413  0.573E+00  0.573E+00
  5.423  0.570E+00  0.570E+00
  5.433  0.584E+00  0.584E+00
  5.443  0.603E+00  0.603E+00
  5.453  0.559E+00  0.559E+00
  5.463  0.559E+00  0.559E+00
  5.473  0.566E+00  0.566E+00
  5.483  0.559E+00  0.559E+00
  5.493  0.564E+00  0.564E+00
  5.503  0.572E+00  0.572E+00
  5.513  0.583E+00  0.583E+00
  5.523  0.604E+00  0.604E+00
  5.533  0.617E+00  0.617E+00
  5.543  0.576E+00  0.576E+00
  5.553  0.581E+00  0.581E+00
  5.563  0.588E+00  0.588E+00
  5.573  0.601E+00  0.601E+00
  5.583  0.586E+00  0.586E+00
  5.593  0.572E+00  0.572E+00
  5.603  0.563E+00  0.563E+00
  5.613  0.557E+00  0.557E+00
  5.623  0.558E+00  0.558E+00
  5.633  0.562E+00  0.562E+00
  5.643  0.564E+00  0.564E+00
  5.653  0.561E+00  0.561E+00
  5.663  0.577E+00  0.577E+00
  5.673  0.572E+00  0.572E+00
  5.683  0.573E+00  0.573E+00
  5.693  0.575E+00  0.575E+00
  5.703  0.578E+00  0.578E+00
  5.713  0.587E+00  0.587E+00
  5.723  0.600E+00  0.600E+00
  5.733  0.618E+00  0.618E+00
  5.743  0.622E+00  0.622E+00
  5.753  0.628E+00  0.628E+00
  5.763  0.625E+00  0.625E+00
  5.773  0.614E+00  0.614E+00
  5.783  0.621E+00  0.621E+00
  5.793  0.616E+00  0.616E+00
  5.803  0.611E+00  0.611E+00
  5.813  0.624E+00  0.624E+00
  5.823  0.653E+00  0.653E+00
  5.833  0.601E+00  0.601E+00
  5.843  0.563E+00  0.563E+00
  5.853  0.542E+00  0.542E+00
  5.863  0.552E+00  0.552E+00
  5.873  0.569E+00  0.569E+00
  5.883  0.577E+00  0.577E+00
  5.893  0.576E+00  0.576E+00
  5.903  0.599E+00  0.599E+00
  5.913  0.600E+00  0.600E+00
  5.923  0.611E+00  0.611E+00
  5.933  0.621E+00  0.621E+00
  5.943  0.623E+00  0.623E+00
  5.953  0.656E+00  0.656E+00
  5.963  0.665E+00  0.665E+00
  5.973  0.668E+00  0.668E+00
  5.983  0.685E+00  0.685E+00
  5.993  0.729E+00  0.729E+00
  6.003  0.747E+00  0.747E+00
  6.013  0.736E+00  0.736E+00
  6.023  0.745E+00  0.745E+00
  6.033  0.744E+00  0.744E+00
  6.043  0.749E+00  0.749E+00
  6.053  0.732E+00  0.732E+00
  6.063  0.721E+00  0.720E+00
  6.073  0.723E+00  0.723E+00
  6.083  0.719E+00  0.719E+00
  6.093  0.705E+00  0.705E+00
  6.103  0.710E+00  0.710E+00
  6.113  0.682E+00  0.682E+00
  6.123  0.692E+00  0.692E+00
  6.133  0.699E+00  0.699E+00
  6.143  0.606E+00  0.606E+00
  6.153  0.593E+00  0.593E+00
  6.163  0.619E+00  0.619E+00
  6.173  0.591E+00  0.591E+00
  6.183  0.562E+00  0.562E+00
  6.193  0.562E+00  0.562E+00
  6.203  0.616E+00  0.616E+00
  6.213  0.624E+00  0.624E+00
  6.223  0.632E+00  0.632E+00
  6.233  0.600E+00  0.600E+00
  6.243  0.665E+00  0.665E+00
  6.253  0.605E+00  0.605E+00
  6.263  0.667E+00  0.667E+00
  6.273  0.712E+00  0.712E+00
  6.283  0.695E+00  0.695E+00
  6.293  0.629E+00  0.629E+00
  6.303  0.635E+00  0.635E+00
  6.313  0.639E+00  0.639E+00
  6.323  0.640E+00  0.640E+00
  6.333  0.658E+00  0.658E+00
  6.343  0.685E+00  0.685E+00
  6.353  0.731E+00  0.731E+00
  6.363  0.798E+00  0.798E+00
  6.373  0.803E+00  0.803E+00
  6.383  0.749E+00  0.749E+00
  6.393  0.733E+00  0.733E+00
  6.403  0.680E+00  0.680E+00
  6.413  0.721E+00  0.721E+00
  6.423  0.727E+00  0.727E+00
  6.433  0.698E+00  0.698E+00
  6.443  0.739E+00  0.739E+00
  6.453  0.623E+00  0.623E+00
  6.463  0.674E+00  0.674E+00
  6.473  0.712E+00  0.712E+00
  6.483  0.784E+00  0.784E+00
  6.493  0.797E+00  0.797E+00
  6.503  0.841E+00  0.841E+00
  6.513  0.841E+00  0.841E+00
  6.523  0.761E+00  0.761E+00
  6.533  0.761E+00  0.761E+00
  6.543  0.781E+00  0.781E+00
  6.553  0.746E+00  0.746E+00
  6.563  0.799E+00  0.799E+00
  6.573  0.820E+00  0.820E+00
  6.583  0.811E+00  0.811E+00
  6.593  0.798E+00  0.798E+00
  6.603  0.836E+00  0.836E+00
  6.613  0.886E+00  0.886E+00
  6.623  0.900E+00  0.900E+00
  6.633  0.919E+00  0.919E+00
  6.643  0.915E+00  0.915E+00
  6.653  0.921E+00  0.921E+00
  6.663  0.940E+00  0.940E+00
  6.673  0.885E+00  0.885E+00
  6.683  0.854E+00  0.854E+00
  6.693  0.819E+00  0.819E+00
  6.703  0.809E+00  0.809E+00
  6.713  0.857E+00  0.857E+00
  6.723  0.832E+00  0.832E+00
  6.733  0.933E+00  0.933E+00
  6.743  0.750E+00  0.750E+00
  6.753  0.801E+00  0.801E+00
  6.763  0.891E+00  0.891E+00
  6.773  0.935E+00  0.935E+00
  6.783  0.933E+00  0.933E+00
  6.793  0.856E+00  0.856E+00
  6.803  0.921E+00  0.921E+00
  6.813  0.102E+01  0.102E+01
  6.823  0.104E+01  0.104E+01
  6.833  0.108E+01  0.108E+01
  6.843  0.112E+01  0.112E+01
  6.853  0.102E+01  0.102E+01
  6.863  0.103E+01  0.103E+01
  6.873  0.102E+01  0.102E+01
  6.883  0.988E+00  0.988E+00
  6.893  0.987E+00  0.987E+00
  6.903  0.102E+01  0.102E+01
  6.913  0.104E+01  0.104E+01
  6.923  0.106E+01  0.106E+01
  6.933  0.104E+01  0.104E+01
  6.943  0.106E+01  0.106E+01
  6.953  0.986E+00  0.986E+00
  6.963  0.968E+00  0.968E+00
  6.973  0.985E+00  0.985E+00
  6.983  0.959E+00  0.959E+00
  6.993  0.940E+00  0.940E+00
  7.003  0.958E+00  0.958E+00
  7.013  0.970E+00  0.970E+00
  7.023  0.982E+00  0.982E+00
  7.033  0.101E+01  0.101E+01
  7.043  0.104E+01  0.104E+01
  7.053  0.105E+01  0.105E+01
  7.063  0.106E+01  0.106E+01
  7.073  0.108E+01  0.108E+01
  7.083  0.109E+01  0.109E+01
  7.093  0.108E+01  0.108E+01
  7.103  0.110E+01  0.110E+01
  7.113  0.113E+01  0.113E+01
  7.123  0.122E+01  0.122E+01
  7.133  0.122E+01  0.122E+01
  7.143  0.117E+01  0.117E+01
  7.153  0.118E+01  0.118E+01
  7.163  0.115E+01  0.115E+01
  7.173  0.119E+01  0.119E+01
  7.183  0.126E+01  0.126E+01
  7.193  0.130E+01  0.130E+01
  7.203  0.131E+01  0.131E+01
  7.213  0.130E+01  0.130E+01
  7.223  0.132E+01  0.132E+01
  7.233  0.133E+01  0.133E+01
  7.243  0.130E+01  0.130E+01
  7.253  0.130E+01  0.130E+01
  7.263  0.132E+01  0.132E+01
  7.273  0.134E+01  0.134E+01
  7.283  0.132E+01  0.132E+01
  7.293  0.125E+01  0.125E+01
  7.303  0.124E+01  0.124E+01
  7.313  0.121E+01  0.121E+01
  7.323  0.118E+01  0.118E+01
  7.333  0.121E+01  0.121E+01
  7.343  0.121E+01  0.121E+01
  7.353  0.121E+01  0.121E+01
  7.363  0.119E+01  0.119E+01
  7.373  0.124E+01  0.124E+01
  7.383  0.124E+01  0.124E+01
  7.393  0.151E+01  0.151E+01
  7.403  0.133E+01  0.133E+01
  7.413  0.138E+01  0.138E+01
  7.423  0.139E+01  0.139E+01
  7.433  0.145E+01  0.145E+01
  7.443  0.142E+01  0.142E+01
  7.453  0.138E+01  0.138E+01
  7.463  0.135E+01  0.135E+01
  7.473  0.130E+01  0.130E+01
  7.483  0.128E+01  0.128E+01
  7.493  0.138E+01  0.138E+01
  7.503  0.145E+01  0.145E+01
  7.513  0.150E+01  0.150E+01
  7.523  0.150E+01  0.150E+01
  7.533  0.136E+01  0.136E+01
  7.543  0.120E+01  0.120E+01
  7.553  0.149E+01  0.149E+01
  7.563  0.154E+01  0.154E+01
  7.573  0.132E+01  0.132E+01
  7.583  0.148E+01  0.148E+01
  7.593  0.155E+01  0.155E+01
  7.603  0.153E+01  0.153E+01
  7.613  0.154E+01  0.154E+01
  7.623  0.164E+01  0.164E+01
  7.633  0.170E+01  0.170E+01
  7.643  0.166E+01  0.166E+01
  7.653  0.165E+01  0.165E+01
  7.663  0.162E+01  0.162E+01
  7.673  0.158E+01  0.158E+01
  7.683  0.161E+01  0.161E+01
  7.693  0.160E+01  0.160E+01
  7.703  0.161E+01  0.161E+01
  7.713  0.158E+01  0.158E+01
  7.723  0.161E+01  0.161E+01
  7.733  0.167E+01  0.167E+01
  7.743  0.173E+01  0.173E+01
  7.753  0.180E+01  0.180E+01
  7.763  0.179E+01  0.179E+01
  7.773  0.181E+01  0.181E+01
  7.783  0.186E+01  0.186E+01
  7.793  0.191E+01  0.191E+01
  7.803  0.197E+01  0.197E+01
  7.813  0.197E+01  0.197E+01
  7.823  0.192E+01  0.192E+01
  7.833  0.185E+01  0.185E+01
  7.843  0.183E+01  0.183E+01
  7.853  0.176E+01  0.176E+01
  7.863  0.172E+01  0.172E+01
  7.873  0.167E+01  0.167E+01
  7.883  0.165E+01  0.165E+01
  7.893  0.161E+01  0.161E+01
  7.903  0.160E+01  0.160E+01
  7.913  0.160E+01  0.160E+01
  7.923  0.160E+01  0.160E+01
  7.933  0.160E+01  0.160E+01
  7.943  0.160E+01  0.160E+01
  7.953  0.164E+01  0.164E+01
  7.963  0.163E+01  0.163E+01
  7.973  0.167E+01  0.167E+01
  7.983  0.169E+01  0.169E+01
  7.993  0.164E+01  0.164E+01
  8.003  0.163E+01  0.163E+01
  8.013  0.152E+01  0.152E+01
  8.023  0.149E+01  0.149E+01
  8.033  0.145E+01  0.145E+01
  8.043  0.148E+01  0.148E+01
  8.053  0.147E+01  0.147E+01
  8.063  0.141E+01  0.141E+01
  8.073  0.136E+01  0.136E+01
  8.083  0.134E+01  0.134E+01
  8.093  0.134E+01  0.134E+01
  8.103  0.149E+01  0.149E+01
  8.113  0.151E+01  0.151E+01
  8.123  0.150E+01  0.150E+01
  8.133  0.161E+01  0.161E+01
  8.143  0.167E+01  0.167E+01
  8.153  0.162E+01  0.162E+01
  8.163  0.160E+01  0.160E+01
  8.173  0.157E+01  0.157E+01
  8.183  0.143E+01  0.143E+01
  8.193  0.141E+01  0.141E+01
  8.203  0.142E+01  0.142E+01
  8.213  0.142E+01  0.142E+01
  8.223  0.142E+01  0.142E+01
  8.233  0.135E+01  0.135E+01
  8.243  0.137E+01  0.137E+01
  8.253  0.121E+01  0.121E+01
  8.263  0.104E+01  0.104E+01
  8.273  0.961E+00  0.961E+00
  8.283  0.908E+00  0.908E+00
  8.293  0.977E+00  0.977E+00
  8.303  0.105E+01  0.105E+01
  8.313  0.114E+01  0.114E+01
  8.323  0.125E+01  0.125E+01
  8.333  0.132E+01  0.132E+01
  8.343  0.143E+01  0.143E+01
  8.353  0.139E+01  0.139E+01
  8.363  0.143E+01  0.143E+01
  8.373  0.116E+01  0.116E+01
  8.383  0.101E+01  0.101E+01
  8.393  0.925E+00  0.925E+00
  8.403  0.904E+00  0.904E+00
  8.413  0.932E+00  0.932E+00
  8.423  0.999E+00  0.999E+00
  8.433  0.130E+01  0.130E+01
  8.443  0.139E+01  0.139E+01
  8.453  0.861E+00  0.861E+00
  8.463  0.925E+00  0.925E+00
  8.473  0.105E+01  0.105E+01
  8.483  0.101E+01  0.101E+01
  8.493  0.950E+00  0.950E+00
  8.503  0.934E+00  0.934E+00
  8.513  0.958E+00  0.958E+00
  8.523  0.938E+00  0.938E+00
  8.533  0.915E+00  0.915E+00
  8.543  0.910E+00  0.910E+00
  8.553  0.103E+01  0.103E+01
  8.563  0.955E+00  0.955E+00
  8.573  0.775E+00  0.775E+00
  8.583  0.623E+00  0.623E+00
  8.593  0.674E+00  0.674E+00
  8.603  0.719E+00  0.719E+00
  8.613  0.747E+00  0.747E+00
  8.623  0.100E+01  0.100E+01
  8.633  0.125E+01  0.125E+01
  8.643  0.682E+00  0.682E+00
  8.653  0.998E+00  0.998E+00
  8.663  0.814E+00  0.814E+00
  8.673  0.766E+00  0.766E+00
  8.683  0.777E+00  0.777E+00
  8.693  0.859E+00  0.859E+00
  8.703  0.707E+00  0.707E+00
  8.713  0.596E+00  0.596E+00
  8.723  0.585E+00  0.585E+00
  8.733  0.657E+00  0.657E+00
  8.743  0.680E+00  0.680E+00
  8.753  0.115E+01  0.115E+01
  8.763  0.821E+00  0.821E+00
  8.773  0.763E+00  0.763E+00
  8.783  0.705E+00  0.705E+00
  8.793  0.564E+00  0.564E+00
  8.803  0.553E+00  0.553E+00
  8.813  0.611E+00  0.611E+00
  8.823  0.693E+00  0.693E+00
  8.833  0.885E+00  0.885E+00
  8.843  0.808E+00  0.808E+00
  8.853  0.646E+00  0.646E+00
  8.863  0.520E+00  0.520E+00
  8.873  0.526E+00  0.526E+00
  8.883  0.544E+00  0.544E+00
  8.893  0.565E+00  0.565E+00
  8.903  0.571E+00  0.571E+00
  8.913  0.563E+00  0.563E+00
  8.923  0.563E+00  0.563E+00
  8.933  0.555E+00  0.555E+00
  8.943  0.548E+00  0.548E+00
  8.953  0.582E+00  0.582E+00
  8.963  0.588E+00  0.588E+00
  8.973  0.511E+00  0.511E+00
  8.983  0.518E+00  0.518E+00
  8.993  0.455E+00  0.455E+00
  9.003  0.408E+00  0.408E+00
  9.013  0.370E+00  0.370E+00
  9.023  0.340E+00  0.340E+00
  9.033  0.305E+00  0.305E+00
  9.043  0.298E+00  0.298E+00
  9.053  0.300E+00  0.300E+00
  9.063  0.291E+00  0.291E+00
  9.073  0.277E+00  0.277E+00
  9.083  0.265E+00  0.265E+00
  9.093  0.245E+00  0.245E+00
  9.103  0.231E+00  0.231E+00
  9.113  0.232E+00  0.232E+00
  9.123  0.236E+00  0.236E+00
  9.133  0.215E+00  0.215E+00
  9.143  0.207E+00  0.207E+00
  9.153  0.179E+00  0.179E+00
  9.163  0.132E+00  0.132E+00
  9.173  0.344E-01  0.344E-01
  9.183  0.000E+00  0.000E+00
  9.193  0.000E+00  0.000E+00
  9.203  0.000E+00  0.000E+00
  9.213  0.000E+00  0.000E+00
  9.223  0.000E+00  0.000E+00
  9.233  0.000E+00  0.000E+00
  9.243  0.000E+00  0.000E+00
  9.253  0.000E+00  0.000E+00
  9.263  0.000E+00  0.000E+00
  9.273  0.000E+00  0.000E+00
  9.283  0.000E+00  0.000E+00
  9.293  0.000E+00  0.000E+00
  9.303  0.000E+00  0.000E+00
  9.313  0.000E+00  0.000E+00
  9.323  0.000E+00  0.000E+00
  9.333  0.000E+00  0.000E+00
  9.343  0.000E+00  0.000E+00
  9.353  0.000E+00  0.000E+00
  9.363  0.000E+00  0.000E+00
  9.373  0.000E+00  0.000E+00
  9.383  0.000E+00  0.000E+00
  9.393  0.000E+00  0.000E+00
  9.403  0.000E+00  0.000E+00
  9.413  0.000E+00  0.000E+00
  9.423  0.000E+00  0.000E+00
  9.433  0.000E+00  0.000E+00
  9.443  0.000E+00  0.000E+00
  9.453  0.000E+00  0.000E+00
  9.463  0.000E+00  0.000E+00
  9.473  0.000E+00  0.000E+00
  9.483  0.000E+00  0.000E+00
  9.493  0.000E+00  0.000E+00
  9.503  0.000E+00  0.000E+00
  9.513  0.000E+00  0.000E+00
  9.523  0.000E+00  0.000E+00
  9.533  0.000E+00  0.000E+00
  9.543  0.000E+00  0.000E+00
  9.553  0.000E+00  0.000E+00
  9.563  0.000E+00  0.000E+00
  9.573  0.000E+00  0.000E+00
  9.583  0.000E+00  0.000E+00
  9.593  0.000E+00  0.000E+00
  9.603  0.000E+00  0.000E+00
  9.613  0.000E+00  0.000E+00
  9.623  0.000E+00  0.000E+00
  9.633  0.000E+00  0.000E+00
  9.643  0.000E+00  0.000E+00
  9.653  0.000E+00  0.000E+00
  9.663  0.000E+00  0.000E+00
  9.673  0.000E+00  0.000E+00
  9.683  0.000E+00  0.000E+00
  9.693  0.000E+00  0.000E+00
  9.703  0.000E+00  0.000E+00
  9.713  0.000E+00  0.000E+00
  9.723  0.000E+00  0.000E+00
  9.733  0.000E+00  0.000E+00
  9.743  0.000E+00  0.000E+00
  9.753  0.000E+00  0.000E+00
  9.763  0.000E+00  0.000E+00
  9.773  0.000E+00  0.000E+00
  9.783  0.000E+00  0.000E+00
  9.793  0.000E+00  0.000E+00
  9.803  0.000E+00  0.000E+00
  9.813  0.000E+00  0.000E+00
  9.823  0.000E+00  0.000E+00
  9.833  0.000E+00  0.000E+00
  9.843  0.000E+00  0.000E+00
  9.853  0.000E+00  0.000E+00
  9.863  0.000E+00  0.000E+00
  9.873  0.000E+00  0.000E+00
  9.883  0.000E+00  0.000E+00
  9.893  0.000E+00  0.000E+00
  9.903  0.000E+00  0.000E+00
  9.913  0.000E+00  0.000E+00
  9.923  0.000E+00  0.000E+00
  9.933  0.000E+00  0.000E+00
  9.943  0.000E+00  0.000E+00
  9.953  0.000E+00  0.000E+00
  9.963  0.000E+00  0.000E+00
  9.973  0.000E+00  0.000E+00
  9.983  0.000E+00  0.000E+00
  9.993  0.000E+00  0.000E+00
 10.003  0.000E+00  0.000E+00
 10.013  0.000E+00  0.000E+00
 10.023  0.000E+00  0.000E+00
 10.033  0.000E+00  0.000E+00
 10.043  0.000E+00  0.000E+00
 10.053  0.000E+00  0.000E+00
 10.063  0.000E+00  0.000E+00
 10.073  0.000E+00  0.000E+00
 10.083  0.000E+00  0.000E+00
 10.093  0.000E+00  0.000E+00
 10.103  0.000E+00  0.000E+00
 10.113  0.000E+00  0.000E+00
 10.123  0.000E+00  0.000E+00
 10.133  0.000E+00  0.000E+00
 10.143  0.000E+00  0.000E+00
 10.153  0.000E+00  0.000E+00
 10.163  0.000E+00  0.000E+00
 10.173  0.000E+00  0.000E+00
 10.183  0.000E+00  0.000E+00
 10.193  0.000E+00  0.000E+00
 10.203  0.000E+00  0.000E+00
 10.213  0.000E+00  0.000E+00
 10.223  0.000E+00  0.000E+00
 10.233  0.000E+00  0.000E+00
 10.243  0.000E+00  0.000E+00
 10.253  0.000E+00  0.000E+00
 10.263  0.000E+00  0.000E+00
 10.273  0.000E+00  0.000E+00
 10.283  0.000E+00  0.000E+00
 10.293  0.000E+00  0.000E+00
 10.303  0.000E+00  0.000E+00
 10.313  0.000E+00  0.000E+00
 10.323  0.000E+00  0.000E+00
 10.333  0.000E+00  0.000E+00
 10.343  0.000E+00  0.000E+00
 10.353  0.000E+00  0.000E+00
 10.363  0.000E+00  0.000E+00
 10.373  0.000E+00  0.000E+00
 10.383  0.000E+00  0.000E+00
 10.393  0.000E+00  0.000E+00
 10.403  0.000E+00  0.000E+00
 10.413  0.000E+00  0.000E+00
 10.423  0.000E+00  0.000E+00
 10.433  0.000E+00  0.000E+00
 10.443  0.000E+00  0.000E+00
 10.453  0.000E+00  0.000E+00
 10.463  0.000E+00  0.000E+00
 10.473  0.000E+00  0.000E+00
 10.483  0.000E+00  0.000E+00
 10.493  0.000E+00  0.000E+00
 10.503  0.000E+00  0.000E+00
 10.513  0.000E+00  0.000E+00
 10.523  0.000E+00  0.000E+00
 10.533  0.000E+00  0.000E+00
 10.543  0.000E+00  0.000E+00
 10.553  0.000E+00  0.000E+00
 10.563  0.000E+00  0.000E+00
 10.573  0.000E+00  0.000E+00
 10.583  0.000E+00  0.000E+00
 10.593  0.000E+00  0.000E+00
 10.603  0.000E+00  0.000E+00
 10.613  0.000E+00  0.000E+00
 10.623  0.000E+00  0.000E+00
 10.633  0.000E+00  0.000E+00
 10.643  0.000E+00  0.000E+00
 10.653  0.000E+00  0.000E+00
 10.663  0.000E+00  0.000E+00
 10.673  0.000E+00  0.000E+00
 10.683  0.000E+00  0.000E+00
 10.693  0.000E+00  0.000E+00
 10.703  0.000E+00  0.000E+00
 10.713  0.312E-07  0.312E-07
 10.723  0.465E-06  0.465E-06
 10.733  0.162E-05  0.162E-05
 10.743  0.374E-05  0.374E-05
 10.753  0.709E-05  0.709E-05
 10.763  0.119E-04  0.119E-04
 10.773  0.185E-04  0.185E-04
 10.783  0.271E-04  0.271E-04
 10.793  0.380E-04  0.380E-04
 10.803  0.513E-04  0.513E-04
 10.813  0.675E-04  0.675E-04
 10.823  0.866E-04  0.866E-04
 10.833  0.109E-03  0.109E-03
 10.843  0.135E-03  0.135E-03
 10.853  0.165E-03  0.165E-03
 10.863  0.199E-03  0.199E-03
 10.873  0.237E-03  0.237E-03
 10.883  0.280E-03  0.280E-03
 10.893  0.327E-03  0.327E-03
 10.903  0.381E-03  0.381E-03
 10.913  0.435E-03  0.435E-03
 10.923  0.489E-03  0.489E-03
 10.933  0.540E-03  0.540E-03
 10.943  0.591E-03  0.591E-03
 10.953  0.641E-03  0.641E-03
 10.963  0.693E-03  0.693E-03
 10.973  0.743E-03  0.743E-03
 10.983  0.793E-03  0.793E-03
 10.993  0.843E-03  0.843E-03
 11.003  0.893E-03  0.893E-03
 11.013  0.942E-03  0.942E-03
 11.023  0.990E-03  0.990E-03
 11.033  0.104E-02  0.104E-02
 11.043  0.109E-02  0.109E-02
 11.053  0.113E-02  0.113E-02
 11.063  0.118E-02  0.118E-02
 11.073  0.122E-02  0.122E-02
 11.083  0.126E-02  0.126E-02
 11.093  0.132E-02  0.132E-02
 11.103  0.139E-02  0.139E-02
 11.113  0.145E-02  0.145E-02
 11.123  0.152E-02  0.152E-02
 11.133  0.159E-02  0.159E-02
 11.143  0.166E-02  0.166E-02
 11.153  0.173E-02  0.173E-02
 11.163  0.180E-02  0.180E-02
 11.173  0.188E-02  0.188E-02
 11.183  0.195E-02  0.195E-02
 11.193  0.203E-02  0.203E-02
 11.203  0.211E-02  0.211E-02
 11.213  0.218E-02  0.218E-02
 11.223  0.226E-02  0.226E-02
 11.233  0.235E-02  0.235E-02
 11.243  0.243E-02  0.243E-02
 11.253  0.251E-02  0.251E-02
 11.263  0.259E-02  0.259E-02
 11.273  0.268E-02  0.268E-02
 11.283  0.276E-02  0.276E-02
 11.293  0.284E-02  0.284E-02
 11.303  0.292E-02  0.292E-02
 11.313  0.298E-02  0.298E-02
 11.323  0.304E-02  0.304E-02
 11.333  0.308E-02  0.308E-02
 11.343  0.313E-02  0.313E-02
 11.353  0.317E-02  0.317E-02
 11.363  0.321E-02  0.321E-02
 11.373  0.324E-02  0.324E-02
 11.383  0.328E-02  0.328E-02
 11.393  0.331E-02  0.331E-02
 11.403  0.336E-02  0.336E-02
 11.413  0.340E-02  0.340E-02
 11.423  0.345E-02  0.345E-02
 11.433  0.349E-02  0.349E-02
 11.443  0.352E-02  0.352E-02
 11.453  0.356E-02  0.356E-02
 11.463  0.360E-02  0.360E-02
 11.473  0.363E-02  0.363E-02
 11.483  0.366E-02  0.366E-02
 11.493  0.370E-02  0.370E-02
 11.503  0.373E-02  0.373E-02
 11.513  0.376E-02  0.376E-02
 11.523  0.379E-02  0.379E-02
 11.533  0.382E-02  0.382E-02
 11.543  0.385E-02  0.385E-02
 11.553  0.389E-02  0.389E-02
 11.563  0.394E-02  0.394E-02
 11.573  0.399E-02  0.399E-02
 11.583  0.405E-02  0.405E-02
 11.593  0.411E-02  0.411E-02
 11.603  0.419E-02  0.419E-02
 11.613  0.428E-02  0.428E-02
 11.623  0.438E-02  0.438E-02
 11.633  0.449E-02  0.449E-02
 11.643  0.459E-02  0.459E-02
 11.653  0.469E-02  0.469E-02
 11.663  0.479E-02  0.479E-02
 11.673  0.490E-02  0.490E-02
 11.683  0.500E-02  0.500E-02
 11.693  0.511E-02  0.511E-02
 11.703  0.521E-02  0.521E-02
 11.713  0.532E-02  0.532E-02
 11.723  0.542E-02  0.542E-02
 11.733  0.553E-02  0.553E-02
 11.743  0.564E-02  0.564E-02
 11.753  0.575E-02  0.575E-02
 11.763  0.587E-02  0.587E-02
 11.773  0.598E-02  0.598E-02
 11.783  0.610E-02  0.610E-02
 11.793  0.623E-02  0.623E-02
 11.803  0.634E-02  0.634E-02
 11.813  0.648E-02  0.648E-02
 11.823  0.661E-02  0.661E-02
 11.833  0.674E-02  0.674E-02
 11.843  0.689E-02  0.689E-02
 11.853  0.706E-02  0.706E-02
 11.863  0.725E-02  0.725E-02
 11.873  0.744E-02  0.744E-02
 11.883  0.765E-02  0.765E-02
 11.893  0.787E-02  0.787E-02
 11.903  0.811E-02  0.811E-02
 11.913  0.836E-02  0.836E-02
 11.923  0.862E-02  0.862E-02
 11.933  0.884E-02  0.884E-02
 11.943  0.908E-02  0.908E-02
 11.953  0.931E-02  0.931E-02
 11.963  0.958E-02  0.958E-02
 11.973  0.991E-02  0.991E-02
 11.983  0.103E-01  0.103E-01
 11.993  0.116E-01  0.116E-01
 12.003  0.129E-01  0.129E-01
 12.013  0.139E-01  0.139E-01
 12.023  0.145E-01  0.145E-01
 12.033  0.148E-01  0.148E-01
 12.043  0.149E-01  0.149E-01
 12.053  0.143E-01  0.143E-01
 12.063  0.139E-01  0.139E-01
 12.073  0.138E-01  0.138E-01
 12.083  0.136E-01  0.136E-01
 12.093  0.134E-01  0.134E-01
 12.103  0.106E-01  0.106E-01
 12.113  0.103E-01  0.103E-01
 12.123  0.100E-01  0.100E-01
 12.133  0.979E-02  0.979E-02
 12.143  0.952E-02  0.952E-02
 12.153  0.924E-02  0.924E-02
 12.163  0.898E-02  0.898E-02
 12.173  0.873E-02  0.873E-02
 12.183  0.102E-01  0.102E-01
 12.193  0.920E-02  0.920E-02
 12.203  0.836E-02  0.836E-02
 12.213  0.608E-02  0.608E-02
 12.223  0.623E-02  0.623E-02
 12.233  0.639E-02  0.639E-02
 12.243  0.657E-02  0.657E-02
 12.253  0.677E-02  0.677E-02
 12.263  0.705E-02  0.705E-02
 12.273  0.742E-02  0.742E-02
 12.283  0.786E-02  0.786E-02
 12.293  0.867E-02  0.867E-02
 12.303  0.101E-01  0.100E-01
 12.313  0.118E-01  0.118E-01
 12.323  0.138E-01  0.138E-01
 12.333  0.164E-01  0.164E-01
 12.343  0.170E-01  0.170E-01
 12.353  0.155E-01  0.155E-01
 12.363  0.145E-01  0.145E-01
 12.373  0.139E-01  0.139E-01
 12.383  0.134E-01  0.134E-01
 12.393  0.131E-01  0.131E-01
 12.403  0.128E-01  0.128E-01
 12.413  0.129E-01  0.129E-01
 12.423  0.134E-01  0.134E-01
 12.433  0.133E-01  0.133E-01
 12.443  0.131E-01  0.131E-01
 12.453  0.132E-01  0.132E-01
 12.463  0.116E-01  0.116E-01
 12.473  0.103E-01  0.103E-01
 12.483  0.951E-02  0.951E-02
 12.493  0.910E-02  0.910E-02
 12.503  0.903E-02  0.903E-02
 12.513  0.913E-02  0.913E-02
 12.523  0.972E-02  0.972E-02
 12.533  0.103E-01  0.103E-01
 12.543  0.104E-01  0.104E-01
 12.553  0.110E-01  0.110E-01
 12.563  0.118E-01  0.118E-01
 12.573  0.127E-01  0.127E-01
 12.583  0.139E-01  0.139E-01
 12.593  0.162E-01  0.162E-01
 12.603  0.169E-01  0.169E-01
 12.613  0.169E-01  0.169E-01
 12.623  0.166E-01  0.166E-01
 12.633  0.165E-01  0.165E-01
 12.643  0.165E-01  0.165E-01
 12.653  0.167E-01  0.167E-01
 12.663  0.199E-01  0.199E-01
 12.673  0.183E-01  0.183E-01
 12.683  0.172E-01  0.172E-01
 12.693  0.162E-01  0.162E-01
 12.703  0.155E-01  0.155E-01
 12.713  0.147E-01  0.147E-01
 12.723  0.132E-01  0.132E-01
 12.733  0.140E-01  0.140E-01
 12.743  0.150E-01  0.150E-01
 12.753  0.138E-01  0.138E-01
 12.763  0.142E-01  0.142E-01
 12.773  0.179E-01  0.179E-01
 12.783  0.161E-01  0.161E-01
 12.793  0.168E-01  0.168E-01
 12.803  0.184E-01  0.184E-01
 12.813  0.201E-01  0.201E-01
 12.823  0.222E-01  0.222E-01
 12.833  0.247E-01  0.247E-01
 12.843  0.294E-01  0.294E-01
 12.853  0.304E-01  0.304E-01
 12.863  0.291E-01  0.291E-01
 12.873  0.307E-01  0.307E-01
 12.883  0.302E-01  0.302E-01
 12.893  0.282E-01  0.282E-01
 12.903  0.250E-01  0.250E-01
 12.913  0.206E-01  0.206E-01
 12.923  0.193E-01  0.193E-01
 12.933  0.202E-01  0.202E-01
 12.943  0.226E-01  0.226E-01
 12.953  0.264E-01  0.264E-01
 12.963  0.296E-01  0.296E-01
 12.973  0.324E-01  0.324E-01
 12.983  0.349E-01  0.349E-01
 12.993  0.365E-01  0.365E-01
 13.003  0.411E-01  0.411E-01
 13.013  0.464E-01  0.464E-01
 13.023  0.487E-01  0.487E-01
 13.033  0.483E-01  0.483E-01
 13.043  0.428E-01  0.428E-01
 13.053  0.378E-01  0.378E-01
 13.063  0.357E-01  0.357E-01
 13.073  0.339E-01  0.339E-01
 13.083  0.321E-01  0.321E-01
 13.093  0.335E-01  0.335E-01
 13.103  0.244E-01  0.244E-01
 13.113  0.203E-01  0.203E-01
 13.123  0.237E-01  0.237E-01
 13.133  0.320E-01  0.320E-01
 13.143  0.416E-01  0.416E-01
 13.153  0.444E-01  0.444E-01
 13.163  0.550E-01  0.550E-01
 13.173  0.399E-01  0.399E-01
 13.183  0.302E-01  0.302E-01
 13.193  0.219E-01  0.219E-01
 13.203  0.229E-01  0.229E-01
 13.213  0.252E-01  0.252E-01
 13.223  0.285E-01  0.285E-01
 13.233  0.335E-01  0.335E-01
 13.243  0.391E-01  0.391E-01
 13.253  0.484E-01  0.484E-01
 13.263  0.485E-01  0.485E-01
 13.273  0.423E-01  0.423E-01
 13.283  0.386E-01  0.386E-01
 13.293  0.363E-01  0.363E-01
 13.303  0.368E-01  0.368E-01
 13.313  0.391E-01  0.391E-01
 13.323  0.334E-01  0.334E-01
 13.333  0.344E-01  0.344E-01
 13.343  0.389E-01  0.389E-01
 13.353  0.419E-01  0.419E-01
 13.363  0.463E-01  0.463E-01
 13.373  0.722E-01  0.722E-01
 13.383  0.600E-01  0.600E-01
 13.393  0.570E-01  0.570E-01
 13.403  0.549E-01  0.549E-01
 13.413  0.643E-01  0.643E-01
 13.423  0.541E-01  0.541E-01
 13.433  0.534E-01  0.534E-01
 13.443  0.593E-01  0.593E-01
 13.453  0.618E-01  0.618E-01
 13.463  0.687E-01  0.687E-01
 13.473  0.703E-01  0.703E-01
 13.483  0.674E-01  0.674E-01
 13.493  0.651E-01  0.651E-01
 13.503  0.615E-01  0.615E-01
 13.513  0.603E-01  0.603E-01
 13.523  0.604E-01  0.604E-01
 13.533  0.632E-01  0.632E-01
 13.543  0.649E-01  0.649E-01
 13.553  0.670E-01  0.670E-01
 13.563  0.687E-01  0.687E-01
 13.573  0.710E-01  0.710E-01
 13.583  0.714E-01  0.714E-01
 13.593  0.705E-01  0.705E-01
 13.603  0.704E-01  0.704E-01
 13.613  0.727E-01  0.727E-01
 13.623  0.739E-01  0.740E-01
 13.633  0.764E-01  0.764E-01
 13.643  0.725E-01  0.725E-01
 13.653  0.747E-01  0.747E-01
 13.663  0.792E-01  0.792E-01
 13.673  0.839E-01  0.839E-01
 13.683  0.911E-01  0.911E-01
 13.693  0.861E-01  0.861E-01
 13.703  0.826E-01  0.826E-01
 13.713  0.811E-01  0.811E-01
 13.723  0.873E-01  0.873E-01
 13.733  0.983E-01  0.983E-01
 13.743  0.797E-01  0.797E-01
 13.753  0.772E-01  0.772E-01
 13.763  0.796E-01  0.796E-01
 13.773  0.790E-01  0.790E-01
 13.783  0.825E-01  0.825E-01
 13.793  0.898E-01  0.898E-01
 13.803  0.738E-01  0.738E-01
 13.813  0.737E-01  0.737E-01
 13.823  0.730E-01  0.730E-01
 13.833  0.743E-01  0.743E-01
 13.843  0.759E-01  0.759E-01
 13.853  0.789E-01  0.789E-01
 13.863  0.856E-01  0.856E-01
 13.873  0.849E-01  0.849E-01
 13.883  0.859E-01  0.859E-01
 13.893  0.864E-01  0.864E-01
 13.903  0.878E-01  0.878E-01
 13.913  0.893E-01  0.893E-01
 13.923  0.906E-01  0.906E-01
 13.933  0.935E-01  0.935E-01
 13.943  0.955E-01  0.955E-01
 13.953  0.982E-01  0.982E-01
 13.963  0.999E-01  0.999E-01
 13.973  0.104E+00  0.104E+00
 13.983  0.914E-01  0.914E-01
 13.993  0.844E-01  0.844E-01
 14.003  0.834E-01  0.834E-01
 14.013  0.851E-01  0.851E-01
 14.023  0.852E-01  0.852E-01
 14.033  0.857E-01  0.857E-01
 14.043  0.858E-01  0.858E-01
 14.053  0.774E-01  0.774E-01
 14.063  0.751E-01  0.751E-01
 14.073  0.753E-01  0.753E-01
 14.083  0.751E-01  0.751E-01
 14.093  0.781E-01  0.781E-01
 14.103  0.920E-01  0.920E-01
 14.113  0.131E+00  0.131E+00
 14.123  0.118E+00  0.118E+00
 14.133  0.883E-01  0.883E-01
 14.143  0.945E-01  0.945E-01
 14.153  0.111E+00  0.111E+00
 14.163  0.138E+00  0.138E+00
 14.173  0.112E+00  0.112E+00
 14.183  0.121E+00  0.121E+00
 14.193  0.129E+00  0.129E+00
 14.203  0.118E+00  0.118E+00
 14.213  0.118E+00  0.118E+00
 14.223  0.117E+00  0.117E+00
 14.233  0.109E+00  0.109E+00
 14.243  0.101E+00  0.101E+00
 14.253  0.110E+00  0.110E+00
 14.263  0.111E+00  0.111E+00
 14.273  0.106E+00  0.106E+00
 14.283  0.106E+00  0.106E+00
 14.293  0.127E+00  0.127E+00
 14.303  0.126E+00  0.126E+00
 14.313  0.127E+00  0.127E+00
 14.323  0.130E+00  0.130E+00
 14.333  0.128E+00  0.128E+00
 14.343  0.128E+00  0.128E+00
 14.353  0.127E+00  0.127E+00
 14.363  0.127E+00  0.127E+00
 14.373  0.126E+00  0.126E+00
 14.383  0.124E+00  0.124E+00
 14.393  0.125E+00  0.125E+00
 14.403  0.131E+00  0.131E+00
 14.413  0.135E+00  0.135E+00
 14.423  0.133E+00  0.133E+00
 14.433  0.143E+00  0.143E+00
 14.443  0.151E+00  0.151E+00
 14.453  0.174E+00  0.174E+00
 14.463  0.154E+00  0.154E+00
 14.473  0.146E+00  0.146E+00
 14.483  0.135E+00  0.135E+00
 14.493  0.137E+00  0.137E+00
 14.503  0.132E+00  0.132E+00
 14.513  0.134E+00  0.134E+00
 14.523  0.150E+00  0.150E+00
 14.533  0.124E+00  0.124E+00
 14.543  0.108E+00  0.108E+00
 14.553  0.102E+00  0.102E+00
 14.563  0.966E-01  0.966E-01
 14.573  0.957E-01  0.957E-01
 14.583  0.815E-01  0.815E-01
 14.593  0.649E-01  0.649E-01
 14.603  0.482E-01  0.482E-01
 14.613  0.436E-01  0.436E-01
 14.623  0.372E-01  0.372E-01
 14.633  0.293E-01  0.293E-01
 14.643  0.259E-01  0.259E-01
 14.653  0.223E-01  0.223E-01
 14.663  0.134E-01  0.134E-01
 14.673  0.103E-01  0.103E-01
 14.683  0.782E-02  0.782E-02
 14.693  0.545E-02  0.545E-02
 14.703  0.363E-02  0.363E-02
 14.713  0.173E-02  0.173E-02
 14.723  0.823E-03  0.823E-03
 14.733  0.000E+00  0.000E+00
