# E (eV) pdosup(E)  pdosdw(E) 
 -8.267  0.000E+00  0.000E+00
 -8.257  0.000E+00  0.000E+00
 -8.247  0.000E+00  0.000E+00
 -8.237  0.000E+00  0.000E+00
 -8.227  0.000E+00  0.000E+00
 -8.217  0.000E+00  0.000E+00
 -8.207  0.000E+00  0.000E+00
 -8.197  0.000E+00  0.000E+00
 -8.187  0.000E+00  0.000E+00
 -8.177  0.000E+00  0.000E+00
 -8.167  0.000E+00  0.000E+00
 -8.157  0.000E+00  0.000E+00
 -8.147  0.000E+00  0.000E+00
 -8.137  0.000E+00  0.000E+00
 -8.127  0.000E+00  0.000E+00
 -8.117  0.000E+00  0.000E+00
 -8.107  0.000E+00  0.000E+00
 -8.097  0.000E+00  0.000E+00
 -8.087  0.000E+00  0.000E+00
 -8.077  0.000E+00  0.000E+00
 -8.067  0.000E+00  0.000E+00
 -8.057  0.000E+00  0.000E+00
 -8.047  0.000E+00  0.000E+00
 -8.037  0.000E+00  0.000E+00
 -8.027  0.000E+00  0.000E+00
 -8.017  0.000E+00  0.000E+00
 -8.007  0.000E+00  0.000E+00
 -7.997  0.000E+00  0.000E+00
 -7.987  0.000E+00  0.000E+00
 -7.977  0.000E+00  0.000E+00
 -7.967  0.000E+00  0.000E+00
 -7.957  0.000E+00  0.000E+00
 -7.947  0.000E+00  0.000E+00
 -7.937  0.000E+00  0.000E+00
 -7.927  0.000E+00  0.000E+00
 -7.917  0.000E+00  0.000E+00
 -7.907  0.000E+00  0.000E+00
 -7.897  0.000E+00  0.000E+00
 -7.887  0.000E+00  0.000E+00
 -7.877  0.000E+00  0.000E+00
 -7.867  0.000E+00  0.000E+00
 -7.857  0.000E+00  0.000E+00
 -7.847  0.000E+00  0.000E+00
 -7.837  0.000E+00  0.000E+00
 -7.827  0.000E+00  0.000E+00
 -7.817  0.000E+00  0.000E+00
 -7.807  0.000E+00  0.000E+00
 -7.797  0.000E+00  0.000E+00
 -7.787  0.000E+00  0.000E+00
 -7.777  0.000E+00  0.000E+00
 -7.767  0.000E+00  0.000E+00
 -7.757  0.000E+00  0.000E+00
 -7.747  0.000E+00  0.000E+00
 -7.737  0.000E+00  0.000E+00
 -7.727  0.000E+00  0.000E+00
 -7.717  0.000E+00  0.000E+00
 -7.707  0.000E+00  0.000E+00
 -7.697  0.000E+00  0.000E+00
 -7.687  0.000E+00  0.000E+00
 -7.677  0.000E+00  0.000E+00
 -7.667  0.000E+00  0.000E+00
 -7.657  0.000E+00  0.000E+00
 -7.647  0.000E+00  0.000E+00
 -7.637  0.000E+00  0.000E+00
 -7.627  0.000E+00  0.000E+00
 -7.617  0.000E+00  0.000E+00
 -7.607  0.000E+00  0.000E+00
 -7.597  0.000E+00  0.000E+00
 -7.587  0.000E+00  0.000E+00
 -7.577  0.000E+00  0.000E+00
 -7.567  0.000E+00  0.000E+00
 -7.557  0.000E+00  0.000E+00
 -7.547  0.000E+00  0.000E+00
 -7.537  0.000E+00  0.000E+00
 -7.527  0.000E+00  0.000E+00
 -7.517  0.000E+00  0.000E+00
 -7.507  0.000E+00  0.000E+00
 -7.497  0.000E+00  0.000E+00
 -7.487  0.000E+00  0.000E+00
 -7.477  0.000E+00  0.000E+00
 -7.467  0.000E+00  0.000E+00
 -7.457  0.000E+00  0.000E+00
 -7.447  0.000E+00  0.000E+00
 -7.437  0.000E+00  0.000E+00
 -7.427  0.000E+00  0.000E+00
 -7.417  0.000E+00  0.000E+00
 -7.407  0.000E+00  0.000E+00
 -7.397  0.000E+00  0.000E+00
 -7.387  0.000E+00  0.000E+00
 -7.377  0.000E+00  0.000E+00
 -7.367  0.000E+00  0.000E+00
 -7.357  0.000E+00  0.000E+00
 -7.347  0.000E+00  0.000E+00
 -7.337  0.000E+00  0.000E+00
 -7.327  0.000E+00  0.000E+00
 -7.317  0.000E+00  0.000E+00
 -7.307  0.000E+00  0.000E+00
 -7.297  0.000E+00  0.000E+00
 -7.287  0.000E+00  0.000E+00
 -7.277  0.000E+00  0.000E+00
 -7.267  0.000E+00  0.000E+00
 -7.257  0.000E+00  0.000E+00
 -7.247  0.000E+00  0.000E+00
 -7.237  0.000E+00  0.000E+00
 -7.227  0.000E+00  0.000E+00
 -7.217  0.000E+00  0.000E+00
 -7.207  0.000E+00  0.000E+00
 -7.197  0.000E+00  0.000E+00
 -7.187  0.000E+00  0.000E+00
 -7.177  0.000E+00  0.000E+00
 -7.167  0.000E+00  0.000E+00
 -7.157  0.000E+00  0.000E+00
 -7.147  0.000E+00  0.000E+00
 -7.137  0.000E+00  0.000E+00
 -7.127  0.000E+00  0.000E+00
 -7.117  0.000E+00  0.000E+00
 -7.107  0.000E+00  0.000E+00
 -7.097  0.000E+00  0.000E+00
 -7.087  0.000E+00  0.000E+00
 -7.077  0.000E+00  0.000E+00
 -7.067  0.000E+00  0.000E+00
 -7.057  0.000E+00  0.000E+00
 -7.047  0.000E+00  0.000E+00
 -7.037  0.000E+00  0.000E+00
 -7.027  0.000E+00  0.000E+00
 -7.017  0.000E+00  0.000E+00
 -7.007  0.000E+00  0.000E+00
 -6.997  0.000E+00  0.000E+00
 -6.987  0.000E+00  0.000E+00
 -6.977  0.000E+00  0.000E+00
 -6.967  0.000E+00  0.000E+00
 -6.957  0.000E+00  0.000E+00
 -6.947  0.000E+00  0.000E+00
 -6.937  0.000E+00  0.000E+00
 -6.927  0.000E+00  0.000E+00
 -6.917  0.000E+00  0.000E+00
 -6.907  0.000E+00  0.000E+00
 -6.897  0.000E+00  0.000E+00
 -6.887  0.000E+00  0.000E+00
 -6.877  0.000E+00  0.000E+00
 -6.867  0.000E+00  0.000E+00
 -6.857  0.000E+00  0.000E+00
 -6.847  0.000E+00  0.000E+00
 -6.837  0.000E+00  0.000E+00
 -6.827  0.000E+00  0.000E+00
 -6.817  0.000E+00  0.000E+00
 -6.807  0.000E+00  0.000E+00
 -6.797  0.000E+00  0.000E+00
 -6.787  0.000E+00  0.000E+00
 -6.777  0.000E+00  0.000E+00
 -6.767  0.000E+00  0.000E+00
 -6.757  0.000E+00  0.000E+00
 -6.747  0.000E+00  0.000E+00
 -6.737  0.000E+00  0.000E+00
 -6.727  0.000E+00  0.000E+00
 -6.717  0.000E+00  0.000E+00
 -6.707  0.000E+00  0.000E+00
 -6.697  0.000E+00  0.000E+00
 -6.687  0.000E+00  0.000E+00
 -6.677  0.000E+00  0.000E+00
 -6.667  0.000E+00  0.000E+00
 -6.657  0.000E+00  0.000E+00
 -6.647  0.000E+00  0.000E+00
 -6.637  0.000E+00  0.000E+00
 -6.627  0.000E+00  0.000E+00
 -6.617  0.000E+00  0.000E+00
 -6.607  0.000E+00  0.000E+00
 -6.597  0.000E+00  0.000E+00
 -6.587  0.000E+00  0.000E+00
 -6.577  0.000E+00  0.000E+00
 -6.567  0.000E+00  0.000E+00
 -6.557  0.000E+00  0.000E+00
 -6.547  0.000E+00  0.000E+00
 -6.537  0.000E+00  0.000E+00
 -6.527  0.000E+00  0.000E+00
 -6.517  0.000E+00  0.000E+00
 -6.507  0.000E+00  0.000E+00
 -6.497  0.000E+00  0.000E+00
 -6.487  0.000E+00  0.000E+00
 -6.477  0.000E+00  0.000E+00
 -6.467  0.510E-01  0.510E-01
 -6.457  0.671E+00  0.671E+00
 -6.447  0.101E+01  0.101E+01
 -6.437  0.125E+01  0.125E+01
 -6.427  0.154E+01  0.154E+01
 -6.417  0.156E+01  0.156E+01
 -6.407  0.151E+01  0.151E+01
 -6.397  0.153E+01  0.153E+01
 -6.387  0.155E+01  0.155E+01
 -6.377  0.170E+01  0.170E+01
 -6.367  0.184E+01  0.184E+01
 -6.357  0.201E+01  0.201E+01
 -6.347  0.220E+01  0.220E+01
 -6.337  0.239E+01  0.239E+01
 -6.327  0.260E+01  0.260E+01
 -6.317  0.342E+01  0.342E+01
 -6.307  0.321E+01  0.321E+01
 -6.297  0.294E+01  0.294E+01
 -6.287  0.228E+01  0.228E+01
 -6.277  0.205E+01  0.205E+01
 -6.267  0.161E+01  0.161E+01
 -6.257  0.136E+01  0.136E+01
 -6.247  0.149E+01  0.149E+01
 -6.237  0.207E+01  0.207E+01
 -6.227  0.286E+01  0.286E+01
 -6.217  0.402E+01  0.402E+01
 -6.207  0.202E+01  0.202E+01
 -6.197  0.659E+00  0.659E+00
 -6.187  0.245E+00  0.245E+00
 -6.177  0.856E+00  0.856E+00
 -6.167  0.287E+01  0.287E+01
 -6.157  0.495E+01  0.495E+01
 -6.147  0.311E+01  0.311E+01
 -6.137  0.250E+01  0.250E+01
 -6.127  0.220E+01  0.220E+01
 -6.117  0.226E+01  0.226E+01
 -6.107  0.310E+01  0.310E+01
 -6.097  0.339E+01  0.339E+01
 -6.087  0.215E+01  0.215E+01
 -6.077  0.211E+01  0.211E+01
 -6.067  0.241E+01  0.241E+01
 -6.057  0.429E+01  0.428E+01
 -6.047  0.314E+01  0.314E+01
 -6.037  0.357E+01  0.357E+01
 -6.027  0.334E+01  0.334E+01
 -6.017  0.327E+01  0.327E+01
 -6.007  0.430E+01  0.430E+01
 -5.997  0.259E+01  0.259E+01
 -5.987  0.294E+01  0.294E+01
 -5.977  0.333E+01  0.333E+01
 -5.967  0.347E+01  0.347E+01
 -5.957  0.261E+01  0.261E+01
 -5.947  0.253E+01  0.253E+01
 -5.937  0.389E+01  0.389E+01
 -5.927  0.378E+01  0.378E+01
 -5.917  0.202E+01  0.202E+01
 -5.907  0.490E+01  0.490E+01
 -5.897  0.387E+01  0.387E+01
 -5.887  0.335E+01  0.335E+01
 -5.877  0.255E+01  0.255E+01
 -5.867  0.656E+01  0.656E+01
 -5.857  0.178E+01  0.178E+01
 -5.847  0.627E+01  0.627E+01
 -5.837  0.136E+01  0.136E+01
 -5.827  0.570E+01  0.570E+01
 -5.817  0.216E+01  0.216E+01
 -5.807  0.255E+01  0.255E+01
 -5.797  0.769E+01  0.769E+01
 -5.787  0.633E+01  0.633E+01
 -5.777  0.361E+01  0.361E+01
 -5.767  0.654E+01  0.654E+01
 -5.757  0.119E+01  0.119E+01
 -5.747  0.471E+01  0.471E+01
 -5.737  0.573E+01  0.573E+01
 -5.727  0.476E+01  0.476E+01
 -5.717  0.311E+01  0.311E+01
 -5.707  0.389E+01  0.389E+01
 -5.697  0.875E+01  0.875E+01
 -5.687  0.565E+01  0.565E+01
 -5.677  0.695E+01  0.694E+01
 -5.667  0.522E+01  0.522E+01
 -5.657  0.103E+02  0.103E+02
 -5.647  0.402E+01  0.402E+01
 -5.637  0.299E+01  0.299E+01
 -5.627  0.385E+01  0.385E+01
 -5.617  0.530E+01  0.530E+01
 -5.607  0.385E+01  0.385E+01
 -5.597  0.511E+01  0.511E+01
 -5.587  0.158E+01  0.158E+01
 -5.577  0.310E+01  0.310E+01
 -5.567  0.300E+01  0.300E+01
 -5.557  0.991E+00  0.992E+00
 -5.547  0.555E+01  0.558E+01
 -5.537  0.000E+00  0.000E+00
 -5.527  0.000E+00  0.000E+00
 -5.517  0.000E+00  0.000E+00
 -5.507  0.000E+00  0.000E+00
 -5.497  0.000E+00  0.000E+00
 -5.487  0.000E+00  0.000E+00
 -5.477  0.000E+00  0.000E+00
 -5.467  0.000E+00  0.000E+00
 -5.457  0.000E+00  0.000E+00
 -5.447  0.000E+00  0.000E+00
 -5.437  0.000E+00  0.000E+00
 -5.427  0.000E+00  0.000E+00
 -5.417  0.000E+00  0.000E+00
 -5.407  0.000E+00  0.000E+00
 -5.397  0.000E+00  0.000E+00
 -5.387  0.000E+00  0.000E+00
 -5.377  0.000E+00  0.000E+00
 -5.367  0.000E+00  0.000E+00
 -5.357  0.000E+00  0.000E+00
 -5.347  0.000E+00  0.000E+00
 -5.337  0.000E+00  0.000E+00
 -5.327  0.000E+00  0.000E+00
 -5.317  0.000E+00  0.000E+00
 -5.307  0.000E+00  0.000E+00
 -5.297  0.000E+00  0.000E+00
 -5.287  0.000E+00  0.000E+00
 -5.277  0.000E+00  0.000E+00
 -5.267  0.000E+00  0.000E+00
 -5.257  0.000E+00  0.000E+00
 -5.247  0.000E+00  0.000E+00
 -5.237  0.000E+00  0.000E+00
 -5.227  0.000E+00  0.000E+00
 -5.217  0.000E+00  0.000E+00
 -5.207  0.000E+00  0.000E+00
 -5.197  0.000E+00  0.000E+00
 -5.187  0.000E+00  0.000E+00
 -5.177  0.000E+00  0.000E+00
 -5.167  0.000E+00  0.000E+00
 -5.157  0.000E+00  0.000E+00
 -5.147  0.000E+00  0.000E+00
 -5.137  0.000E+00  0.000E+00
 -5.127  0.000E+00  0.000E+00
 -5.117  0.000E+00  0.000E+00
 -5.107  0.000E+00  0.000E+00
 -5.097  0.000E+00  0.000E+00
 -5.087  0.000E+00  0.000E+00
 -5.077  0.000E+00  0.000E+00
 -5.067  0.000E+00  0.000E+00
 -5.057  0.000E+00  0.000E+00
 -5.047  0.000E+00  0.000E+00
 -5.037  0.000E+00  0.000E+00
 -5.027  0.000E+00  0.000E+00
 -5.017  0.000E+00  0.000E+00
 -5.007  0.000E+00  0.000E+00
 -4.997  0.000E+00  0.000E+00
 -4.987  0.000E+00  0.000E+00
 -4.977  0.000E+00  0.000E+00
 -4.967  0.000E+00  0.000E+00
 -4.957  0.000E+00  0.000E+00
 -4.947  0.000E+00  0.000E+00
 -4.937  0.000E+00  0.000E+00
 -4.927  0.000E+00  0.000E+00
 -4.917  0.000E+00  0.000E+00
 -4.907  0.000E+00  0.000E+00
 -4.897  0.000E+00  0.000E+00
 -4.887  0.000E+00  0.000E+00
 -4.877  0.000E+00  0.000E+00
 -4.867  0.000E+00  0.000E+00
 -4.857  0.000E+00  0.000E+00
 -4.847  0.000E+00  0.000E+00
 -4.837  0.000E+00  0.000E+00
 -4.827  0.000E+00  0.000E+00
 -4.817  0.000E+00  0.000E+00
 -4.807  0.000E+00  0.000E+00
 -4.797  0.000E+00  0.000E+00
 -4.787  0.000E+00  0.000E+00
 -4.777  0.000E+00  0.000E+00
 -4.767  0.000E+00  0.000E+00
 -4.757  0.000E+00  0.000E+00
 -4.747  0.000E+00  0.000E+00
 -4.737  0.000E+00  0.000E+00
 -4.727  0.000E+00  0.000E+00
 -4.717  0.000E+00  0.000E+00
 -4.707  0.000E+00  0.000E+00
 -4.697  0.000E+00  0.000E+00
 -4.687  0.000E+00  0.000E+00
 -4.677  0.000E+00  0.000E+00
 -4.667  0.000E+00  0.000E+00
 -4.657  0.000E+00  0.000E+00
 -4.647  0.000E+00  0.000E+00
 -4.637  0.000E+00  0.000E+00
 -4.627  0.000E+00  0.000E+00
 -4.617  0.000E+00  0.000E+00
 -4.607  0.000E+00  0.000E+00
 -4.597  0.000E+00  0.000E+00
 -4.587  0.000E+00  0.000E+00
 -4.577  0.000E+00  0.000E+00
 -4.567  0.000E+00  0.000E+00
 -4.557  0.000E+00  0.000E+00
 -4.547  0.000E+00  0.000E+00
 -4.537  0.000E+00  0.000E+00
 -4.527  0.000E+00  0.000E+00
 -4.517  0.000E+00  0.000E+00
 -4.507  0.000E+00  0.000E+00
 -4.497  0.000E+00  0.000E+00
 -4.487  0.000E+00  0.000E+00
 -4.477  0.000E+00  0.000E+00
 -4.467  0.000E+00  0.000E+00
 -4.457  0.626E-01  0.626E-01
 -4.447  0.413E-01  0.413E-01
 -4.437  0.180E-01  0.180E-01
 -4.427  0.854E-01  0.854E-01
 -4.417  0.300E+00  0.300E+00
 -4.407  0.000E+00  0.000E+00
 -4.397  0.118E+00  0.118E+00
 -4.387  0.407E-01  0.407E-01
 -4.377  0.117E+00  0.117E+00
 -4.367  0.311E+00  0.311E+00
 -4.357  0.146E+01  0.146E+01
 -4.347  0.253E+00  0.253E+00
 -4.337  0.359E+00  0.359E+00
 -4.327  0.245E+00  0.245E+00
 -4.317  0.774E-01  0.774E-01
 -4.307  0.000E+00  0.000E+00
 -4.297  0.304E+00  0.304E+00
 -4.287  0.331E+00  0.331E+00
 -4.277  0.602E+00  0.602E+00
 -4.267  0.000E+00  0.000E+00
 -4.257  0.282E+00  0.282E+00
 -4.247  0.435E+00  0.435E+00
 -4.237  0.487E+00  0.487E+00
 -4.227  0.878E+00  0.878E+00
 -4.217  0.223E+00  0.223E+00
 -4.207  0.228E+00  0.228E+00
 -4.197  0.192E+00  0.192E+00
 -4.187  0.442E+00  0.442E+00
 -4.177  0.651E+00  0.651E+00
 -4.167  0.378E+00  0.378E+00
 -4.157  0.135E+01  0.135E+01
 -4.147  0.586E+00  0.586E+00
 -4.137  0.876E+00  0.876E+00
 -4.127  0.642E+00  0.642E+00
 -4.117  0.648E+00  0.648E+00
 -4.107  0.666E+00  0.666E+00
 -4.097  0.663E+00  0.663E+00
 -4.087  0.519E+00  0.519E+00
 -4.077  0.751E+00  0.751E+00
 -4.067  0.631E+00  0.631E+00
 -4.057  0.106E+01  0.106E+01
 -4.047  0.918E+00  0.918E+00
 -4.037  0.897E+00  0.897E+00
 -4.027  0.122E+01  0.122E+01
 -4.017  0.832E+00  0.832E+00
 -4.007  0.759E+00  0.760E+00
 -3.997  0.914E+00  0.914E+00
 -3.987  0.664E+00  0.664E+00
 -3.977  0.346E+00  0.346E+00
 -3.967  0.462E+00  0.462E+00
 -3.957  0.759E+00  0.758E+00
 -3.947  0.466E+00  0.466E+00
 -3.937  0.372E+00  0.372E+00
 -3.927  0.268E+00  0.268E+00
 -3.917  0.415E+00  0.415E+00
 -3.907  0.336E+00  0.336E+00
 -3.897  0.975E+00  0.975E+00
 -3.887  0.502E+00  0.502E+00
 -3.877  0.699E+00  0.699E+00
 -3.867  0.558E+00  0.558E+00
 -3.857  0.613E+00  0.613E+00
 -3.847  0.842E+00  0.842E+00
 -3.837  0.515E+00  0.515E+00
 -3.827  0.382E+00  0.382E+00
 -3.817  0.557E+00  0.557E+00
 -3.807  0.903E+00  0.903E+00
 -3.797  0.755E+00  0.755E+00
 -3.787  0.549E+00  0.549E+00
 -3.777  0.498E+00  0.498E+00
 -3.767  0.516E+00  0.516E+00
 -3.757  0.551E+00  0.551E+00
 -3.747  0.720E+00  0.720E+00
 -3.737  0.690E+00  0.690E+00
 -3.727  0.776E+00  0.776E+00
 -3.717  0.667E+00  0.667E+00
 -3.707  0.663E+00  0.663E+00
 -3.697  0.772E+00  0.772E+00
 -3.687  0.938E+00  0.938E+00
 -3.677  0.737E+00  0.737E+00
 -3.667  0.456E+00  0.456E+00
 -3.657  0.638E+00  0.638E+00
 -3.647  0.123E+01  0.123E+01
 -3.637  0.102E+01  0.102E+01
 -3.627  0.665E+00  0.665E+00
 -3.617  0.507E+00  0.507E+00
 -3.607  0.606E+00  0.606E+00
 -3.597  0.532E+00  0.532E+00
 -3.587  0.815E+00  0.815E+00
 -3.577  0.159E+01  0.159E+01
 -3.567  0.536E+00  0.536E+00
 -3.557  0.456E+00  0.456E+00
 -3.547  0.419E+00  0.419E+00
 -3.537  0.549E+00  0.549E+00
 -3.527  0.968E+00  0.968E+00
 -3.517  0.126E+01  0.126E+01
 -3.507  0.122E+01  0.122E+01
 -3.497  0.967E+00  0.967E+00
 -3.487  0.829E+00  0.829E+00
 -3.477  0.895E+00  0.895E+00
 -3.467  0.744E+00  0.744E+00
 -3.457  0.736E+00  0.736E+00
 -3.447  0.825E+00  0.825E+00
 -3.437  0.868E+00  0.868E+00
 -3.427  0.933E+00  0.933E+00
 -3.417  0.968E+00  0.968E+00
 -3.407  0.914E+00  0.914E+00
 -3.397  0.796E+00  0.796E+00
 -3.387  0.754E+00  0.754E+00
 -3.377  0.108E+01  0.108E+01
 -3.367  0.100E+01  0.100E+01
 -3.357  0.902E+00  0.902E+00
 -3.347  0.778E+00  0.778E+00
 -3.337  0.738E+00  0.738E+00
 -3.327  0.615E+00  0.615E+00
 -3.317  0.669E+00  0.669E+00
 -3.307  0.772E+00  0.772E+00
 -3.297  0.128E+01  0.128E+01
 -3.287  0.156E+01  0.156E+01
 -3.277  0.108E+01  0.108E+01
 -3.267  0.937E+00  0.937E+00
 -3.257  0.996E+00  0.996E+00
 -3.247  0.126E+01  0.126E+01
 -3.237  0.117E+01  0.117E+01
 -3.227  0.124E+01  0.124E+01
 -3.217  0.103E+01  0.103E+01
 -3.207  0.939E+00  0.939E+00
 -3.197  0.825E+00  0.825E+00
 -3.187  0.785E+00  0.785E+00
 -3.177  0.799E+00  0.799E+00
 -3.167  0.861E+00  0.861E+00
 -3.157  0.105E+01  0.105E+01
 -3.147  0.984E+00  0.984E+00
 -3.137  0.990E+00  0.990E+00
 -3.127  0.105E+01  0.105E+01
 -3.117  0.112E+01  0.112E+01
 -3.107  0.112E+01  0.112E+01
 -3.097  0.100E+01  0.100E+01
 -3.087  0.919E+00  0.919E+00
 -3.077  0.887E+00  0.887E+00
 -3.067  0.111E+01  0.111E+01
 -3.057  0.987E+00  0.987E+00
 -3.047  0.107E+01  0.107E+01
 -3.037  0.115E+01  0.115E+01
 -3.027  0.123E+01  0.123E+01
 -3.017  0.122E+01  0.122E+01
 -3.007  0.119E+01  0.119E+01
 -2.997  0.120E+01  0.120E+01
 -2.987  0.123E+01  0.123E+01
 -2.977  0.114E+01  0.114E+01
 -2.967  0.113E+01  0.113E+01
 -2.957  0.119E+01  0.119E+01
 -2.947  0.129E+01  0.129E+01
 -2.937  0.134E+01  0.134E+01
 -2.927  0.139E+01  0.139E+01
 -2.917  0.127E+01  0.127E+01
 -2.907  0.122E+01  0.122E+01
 -2.897  0.124E+01  0.124E+01
 -2.887  0.119E+01  0.119E+01
 -2.877  0.118E+01  0.118E+01
 -2.867  0.133E+01  0.133E+01
 -2.857  0.136E+01  0.136E+01
 -2.847  0.148E+01  0.148E+01
 -2.837  0.128E+01  0.128E+01
 -2.827  0.116E+01  0.116E+01
 -2.817  0.122E+01  0.122E+01
 -2.807  0.136E+01  0.136E+01
 -2.797  0.116E+01  0.116E+01
 -2.787  0.131E+01  0.131E+01
 -2.777  0.132E+01  0.132E+01
 -2.767  0.111E+01  0.111E+01
 -2.757  0.106E+01  0.106E+01
 -2.747  0.123E+01  0.123E+01
 -2.737  0.145E+01  0.145E+01
 -2.727  0.179E+01  0.179E+01
 -2.717  0.167E+01  0.167E+01
 -2.707  0.191E+01  0.191E+01
 -2.697  0.176E+01  0.176E+01
 -2.687  0.194E+01  0.194E+01
 -2.677  0.120E+01  0.120E+01
 -2.667  0.981E+00  0.981E+00
 -2.657  0.130E+01  0.130E+01
 -2.647  0.988E+00  0.988E+00
 -2.637  0.107E+01  0.107E+01
 -2.627  0.918E+00  0.918E+00
 -2.617  0.945E+00  0.945E+00
 -2.607  0.114E+01  0.114E+01
 -2.597  0.122E+01  0.122E+01
 -2.587  0.130E+01  0.130E+01
 -2.577  0.113E+01  0.113E+01
 -2.567  0.113E+01  0.113E+01
 -2.557  0.126E+01  0.126E+01
 -2.547  0.118E+01  0.118E+01
 -2.537  0.127E+01  0.127E+01
 -2.527  0.121E+01  0.121E+01
 -2.517  0.105E+01  0.105E+01
 -2.507  0.123E+01  0.123E+01
 -2.497  0.114E+01  0.114E+01
 -2.487  0.111E+01  0.111E+01
 -2.477  0.118E+01  0.118E+01
 -2.467  0.927E+00  0.927E+00
 -2.457  0.104E+01  0.104E+01
 -2.447  0.957E+00  0.957E+00
 -2.437  0.803E+00  0.803E+00
 -2.427  0.920E+00  0.920E+00
 -2.417  0.865E+00  0.865E+00
 -2.407  0.822E+00  0.822E+00
 -2.397  0.812E+00  0.812E+00
 -2.387  0.758E+00  0.758E+00
 -2.377  0.680E+00  0.680E+00
 -2.367  0.705E+00  0.705E+00
 -2.357  0.809E+00  0.809E+00
 -2.347  0.834E+00  0.834E+00
 -2.337  0.668E+00  0.668E+00
 -2.327  0.644E+00  0.644E+00
 -2.317  0.621E+00  0.621E+00
 -2.307  0.629E+00  0.629E+00
 -2.297  0.587E+00  0.587E+00
 -2.287  0.521E+00  0.521E+00
 -2.277  0.507E+00  0.507E+00
 -2.267  0.576E+00  0.576E+00
 -2.257  0.522E+00  0.522E+00
 -2.247  0.578E+00  0.578E+00
 -2.237  0.484E+00  0.484E+00
 -2.227  0.631E+00  0.631E+00
 -2.217  0.512E+00  0.512E+00
 -2.207  0.477E+00  0.477E+00
 -2.197  0.261E+00  0.261E+00
 -2.187  0.227E+00  0.227E+00
 -2.177  0.219E+00  0.219E+00
 -2.167  0.268E+00  0.268E+00
 -2.157  0.386E+00  0.386E+00
 -2.147  0.376E+00  0.376E+00
 -2.137  0.307E+00  0.307E+00
 -2.127  0.218E+00  0.218E+00
 -2.117  0.173E+00  0.173E+00
 -2.107  0.165E+00  0.165E+00
 -2.097  0.126E+00  0.126E+00
 -2.087  0.896E-01  0.896E-01
 -2.077  0.604E-01  0.604E-01
 -2.067  0.269E-01  0.269E-01
 -2.057  0.159E-03  0.159E-03
 -2.047  0.000E+00  0.000E+00
 -2.037  0.000E+00  0.000E+00
 -2.027  0.000E+00  0.000E+00
 -2.017  0.000E+00  0.000E+00
 -2.007  0.000E+00  0.000E+00
 -1.997  0.000E+00  0.000E+00
 -1.987  0.000E+00  0.000E+00
 -1.977  0.000E+00  0.000E+00
 -1.967  0.000E+00  0.000E+00
 -1.957  0.000E+00  0.000E+00
 -1.947  0.000E+00  0.000E+00
 -1.937  0.000E+00  0.000E+00
 -1.927  0.000E+00  0.000E+00
 -1.917  0.000E+00  0.000E+00
 -1.907  0.000E+00  0.000E+00
 -1.897  0.000E+00  0.000E+00
 -1.887  0.000E+00  0.000E+00
 -1.877  0.000E+00  0.000E+00
 -1.867  0.000E+00  0.000E+00
 -1.857  0.000E+00  0.000E+00
 -1.847  0.000E+00  0.000E+00
 -1.837  0.000E+00  0.000E+00
 -1.827  0.000E+00  0.000E+00
 -1.817  0.000E+00  0.000E+00
 -1.807  0.000E+00  0.000E+00
 -1.797  0.000E+00  0.000E+00
 -1.787  0.000E+00  0.000E+00
 -1.777  0.000E+00  0.000E+00
 -1.767  0.000E+00  0.000E+00
 -1.757  0.000E+00  0.000E+00
 -1.747  0.000E+00  0.000E+00
 -1.737  0.000E+00  0.000E+00
 -1.727  0.000E+00  0.000E+00
 -1.717  0.000E+00  0.000E+00
 -1.707  0.000E+00  0.000E+00
 -1.697  0.000E+00  0.000E+00
 -1.687  0.000E+00  0.000E+00
 -1.677  0.000E+00  0.000E+00
 -1.667  0.000E+00  0.000E+00
 -1.657  0.000E+00  0.000E+00
 -1.647  0.000E+00  0.000E+00
 -1.637  0.000E+00  0.000E+00
 -1.627  0.000E+00  0.000E+00
 -1.617  0.000E+00  0.000E+00
 -1.607  0.000E+00  0.000E+00
 -1.597  0.000E+00  0.000E+00
 -1.587  0.000E+00  0.000E+00
 -1.577  0.000E+00  0.000E+00
 -1.567  0.000E+00  0.000E+00
 -1.557  0.000E+00  0.000E+00
 -1.547  0.000E+00  0.000E+00
 -1.537  0.000E+00  0.000E+00
 -1.527  0.000E+00  0.000E+00
 -1.517  0.000E+00  0.000E+00
 -1.507  0.000E+00  0.000E+00
 -1.497  0.000E+00  0.000E+00
 -1.487  0.000E+00  0.000E+00
 -1.477  0.000E+00  0.000E+00
 -1.467  0.000E+00  0.000E+00
 -1.457  0.000E+00  0.000E+00
 -1.447  0.000E+00  0.000E+00
 -1.437  0.000E+00  0.000E+00
 -1.427  0.000E+00  0.000E+00
 -1.417  0.000E+00  0.000E+00
 -1.407  0.000E+00  0.000E+00
 -1.397  0.000E+00  0.000E+00
 -1.387  0.000E+00  0.000E+00
 -1.377  0.000E+00  0.000E+00
 -1.367  0.000E+00  0.000E+00
 -1.357  0.000E+00  0.000E+00
 -1.347  0.000E+00  0.000E+00
 -1.337  0.000E+00  0.000E+00
 -1.327  0.000E+00  0.000E+00
 -1.317  0.000E+00  0.000E+00
 -1.307  0.000E+00  0.000E+00
 -1.297  0.000E+00  0.000E+00
 -1.287  0.000E+00  0.000E+00
 -1.277  0.000E+00  0.000E+00
 -1.267  0.000E+00  0.000E+00
 -1.257  0.000E+00  0.000E+00
 -1.247  0.000E+00  0.000E+00
 -1.237  0.000E+00  0.000E+00
 -1.227  0.000E+00  0.000E+00
 -1.217  0.000E+00  0.000E+00
 -1.207  0.000E+00  0.000E+00
 -1.197  0.000E+00  0.000E+00
 -1.187  0.000E+00  0.000E+00
 -1.177  0.000E+00  0.000E+00
 -1.167  0.000E+00  0.000E+00
 -1.157  0.000E+00  0.000E+00
 -1.147  0.000E+00  0.000E+00
 -1.137  0.000E+00  0.000E+00
 -1.127  0.000E+00  0.000E+00
 -1.117  0.000E+00  0.000E+00
 -1.107  0.000E+00  0.000E+00
 -1.097  0.000E+00  0.000E+00
 -1.087  0.000E+00  0.000E+00
 -1.077  0.000E+00  0.000E+00
 -1.067  0.000E+00  0.000E+00
 -1.057  0.000E+00  0.000E+00
 -1.047  0.000E+00  0.000E+00
 -1.037  0.000E+00  0.000E+00
 -1.027  0.000E+00  0.000E+00
 -1.017  0.000E+00  0.000E+00
 -1.007  0.000E+00  0.000E+00
 -0.997  0.000E+00  0.000E+00
 -0.987  0.000E+00  0.000E+00
 -0.977  0.000E+00  0.000E+00
 -0.967  0.000E+00  0.000E+00
 -0.957  0.000E+00  0.000E+00
 -0.947  0.000E+00  0.000E+00
 -0.937  0.000E+00  0.000E+00
 -0.927  0.000E+00  0.000E+00
 -0.917  0.000E+00  0.000E+00
 -0.907  0.000E+00  0.000E+00
 -0.897  0.000E+00  0.000E+00
 -0.887  0.000E+00  0.000E+00
 -0.877  0.000E+00  0.000E+00
 -0.867  0.000E+00  0.000E+00
 -0.857  0.000E+00  0.000E+00
 -0.847  0.000E+00  0.000E+00
 -0.837  0.000E+00  0.000E+00
 -0.827  0.000E+00  0.000E+00
 -0.817  0.000E+00  0.000E+00
 -0.807  0.000E+00  0.000E+00
 -0.797  0.000E+00  0.000E+00
 -0.787  0.000E+00  0.000E+00
 -0.777  0.000E+00  0.000E+00
 -0.767  0.000E+00  0.000E+00
 -0.757  0.000E+00  0.000E+00
 -0.747  0.000E+00  0.000E+00
 -0.737  0.000E+00  0.000E+00
 -0.727  0.000E+00  0.000E+00
 -0.717  0.000E+00  0.000E+00
 -0.707  0.000E+00  0.000E+00
 -0.697  0.000E+00  0.000E+00
 -0.687  0.000E+00  0.000E+00
 -0.677  0.000E+00  0.000E+00
 -0.667  0.000E+00  0.000E+00
 -0.657  0.000E+00  0.000E+00
 -0.647  0.000E+00  0.000E+00
 -0.637  0.000E+00  0.000E+00
 -0.627  0.000E+00  0.000E+00
 -0.617  0.000E+00  0.000E+00
 -0.607  0.000E+00  0.000E+00
 -0.597  0.000E+00  0.000E+00
 -0.587  0.000E+00  0.000E+00
 -0.577  0.000E+00  0.000E+00
 -0.567  0.000E+00  0.000E+00
 -0.557  0.000E+00  0.000E+00
 -0.547  0.000E+00  0.000E+00
 -0.537  0.000E+00  0.000E+00
 -0.527  0.000E+00  0.000E+00
 -0.517  0.000E+00  0.000E+00
 -0.507  0.000E+00  0.000E+00
 -0.497  0.000E+00  0.000E+00
 -0.487  0.000E+00  0.000E+00
 -0.477  0.000E+00  0.000E+00
 -0.467  0.000E+00  0.000E+00
 -0.457  0.000E+00  0.000E+00
 -0.447  0.000E+00  0.000E+00
 -0.437  0.000E+00  0.000E+00
 -0.427  0.000E+00  0.000E+00
 -0.417  0.000E+00  0.000E+00
 -0.407  0.000E+00  0.000E+00
 -0.397  0.000E+00  0.000E+00
 -0.387  0.000E+00  0.000E+00
 -0.377  0.000E+00  0.000E+00
 -0.367  0.000E+00  0.000E+00
 -0.357  0.000E+00  0.000E+00
 -0.347  0.000E+00  0.000E+00
 -0.337  0.000E+00  0.000E+00
 -0.327  0.000E+00  0.000E+00
 -0.317  0.000E+00  0.000E+00
 -0.307  0.000E+00  0.000E+00
 -0.297  0.000E+00  0.000E+00
 -0.287  0.000E+00  0.000E+00
 -0.277  0.000E+00  0.000E+00
 -0.267  0.000E+00  0.000E+00
 -0.257  0.000E+00  0.000E+00
 -0.247  0.000E+00  0.000E+00
 -0.237  0.000E+00  0.000E+00
 -0.227  0.000E+00  0.000E+00
 -0.217  0.000E+00  0.000E+00
 -0.207  0.000E+00  0.000E+00
 -0.197  0.000E+00  0.000E+00
 -0.187  0.000E+00  0.000E+00
 -0.177  0.000E+00  0.000E+00
 -0.167  0.000E+00  0.000E+00
 -0.157  0.000E+00  0.000E+00
 -0.147  0.000E+00  0.000E+00
 -0.137  0.000E+00  0.000E+00
 -0.127  0.000E+00  0.000E+00
 -0.117  0.000E+00  0.000E+00
 -0.107  0.000E+00  0.000E+00
 -0.097  0.000E+00  0.000E+00
 -0.087  0.000E+00  0.000E+00
 -0.077  0.000E+00  0.000E+00
 -0.067  0.000E+00  0.000E+00
 -0.057  0.000E+00  0.000E+00
 -0.047  0.000E+00  0.000E+00
 -0.037  0.000E+00  0.000E+00
 -0.027  0.000E+00  0.000E+00
 -0.017  0.000E+00  0.000E+00
 -0.007  0.000E+00  0.000E+00
  0.003  0.000E+00  0.000E+00
  0.013  0.000E+00  0.000E+00
  0.023  0.000E+00  0.000E+00
  0.033  0.000E+00  0.000E+00
  0.043  0.000E+00  0.000E+00
  0.053  0.000E+00  0.000E+00
  0.063  0.000E+00  0.000E+00
  0.073  0.000E+00  0.000E+00
  0.083  0.000E+00  0.000E+00
  0.093  0.000E+00  0.000E+00
  0.103  0.000E+00  0.000E+00
  0.113  0.000E+00  0.000E+00
  0.123  0.000E+00  0.000E+00
  0.133  0.000E+00  0.000E+00
  0.143  0.000E+00  0.000E+00
  0.153  0.000E+00  0.000E+00
  0.163  0.000E+00  0.000E+00
  0.173  0.000E+00  0.000E+00
  0.183  0.000E+00  0.000E+00
  0.193  0.000E+00  0.000E+00
  0.203  0.000E+00  0.000E+00
  0.213  0.000E+00  0.000E+00
  0.223  0.000E+00  0.000E+00
  0.233  0.000E+00  0.000E+00
  0.243  0.000E+00  0.000E+00
  0.253  0.000E+00  0.000E+00
  0.263  0.000E+00  0.000E+00
  0.273  0.000E+00  0.000E+00
  0.283  0.000E+00  0.000E+00
  0.293  0.000E+00  0.000E+00
  0.303  0.000E+00  0.000E+00
  0.313  0.000E+00  0.000E+00
  0.323  0.000E+00  0.000E+00
  0.333  0.000E+00  0.000E+00
  0.343  0.000E+00  0.000E+00
  0.353  0.000E+00  0.000E+00
  0.363  0.000E+00  0.000E+00
  0.373  0.000E+00  0.000E+00
  0.383  0.000E+00  0.000E+00
  0.393  0.000E+00  0.000E+00
  0.403  0.000E+00  0.000E+00
  0.413  0.000E+00  0.000E+00
  0.423  0.000E+00  0.000E+00
  0.433  0.000E+00  0.000E+00
  0.443  0.000E+00  0.000E+00
  0.453  0.000E+00  0.000E+00
  0.463  0.000E+00  0.000E+00
  0.473  0.000E+00  0.000E+00
  0.483  0.000E+00  0.000E+00
  0.493  0.436E+01  0.436E+01
  0.503  0.239E+01  0.239E+01
  0.513  0.140E+01  0.140E+01
  0.523  0.102E+01  0.102E+01
  0.533  0.000E+00  0.000E+00
  0.543  0.000E+00  0.000E+00
  0.553  0.000E+00  0.000E+00
  0.563  0.000E+00  0.000E+00
  0.573  0.000E+00  0.000E+00
  0.583  0.000E+00  0.000E+00
  0.593  0.000E+00  0.000E+00
  0.603  0.000E+00  0.000E+00
  0.613  0.000E+00  0.000E+00
  0.623  0.000E+00  0.000E+00
  0.633  0.000E+00  0.000E+00
  0.643  0.000E+00  0.000E+00
  0.653  0.000E+00  0.000E+00
  0.663  0.000E+00  0.000E+00
  0.673  0.000E+00  0.000E+00
  0.683  0.000E+00  0.000E+00
  0.693  0.000E+00  0.000E+00
  0.703  0.000E+00  0.000E+00
  0.713  0.000E+00  0.000E+00
  0.723  0.000E+00  0.000E+00
  0.733  0.000E+00  0.000E+00
  0.743  0.000E+00  0.000E+00
  0.753  0.000E+00  0.000E+00
  0.763  0.000E+00  0.000E+00
  0.773  0.000E+00  0.000E+00
  0.783  0.000E+00  0.000E+00
  0.793  0.000E+00  0.000E+00
  0.803  0.000E+00  0.000E+00
  0.813  0.000E+00  0.000E+00
  0.823  0.000E+00  0.000E+00
  0.833  0.000E+00  0.000E+00
  0.843  0.000E+00  0.000E+00
  0.853  0.000E+00  0.000E+00
  0.863  0.000E+00  0.000E+00
  0.873  0.000E+00  0.000E+00
  0.883  0.000E+00  0.000E+00
  0.893  0.000E+00  0.000E+00
  0.903  0.000E+00  0.000E+00
  0.913  0.000E+00  0.000E+00
  0.923  0.000E+00  0.000E+00
  0.933  0.000E+00  0.000E+00
  0.943  0.000E+00  0.000E+00
  0.953  0.000E+00  0.000E+00
  0.963  0.000E+00  0.000E+00
  0.973  0.000E+00  0.000E+00
  0.983  0.000E+00  0.000E+00
  0.993  0.000E+00  0.000E+00
  1.003  0.000E+00  0.000E+00
  1.013  0.000E+00  0.000E+00
  1.023  0.000E+00  0.000E+00
  1.033  0.000E+00  0.000E+00
  1.043  0.000E+00  0.000E+00
  1.053  0.000E+00  0.000E+00
  1.063  0.000E+00  0.000E+00
  1.073  0.000E+00  0.000E+00
  1.083  0.000E+00  0.000E+00
  1.093  0.000E+00  0.000E+00
  1.103  0.000E+00  0.000E+00
  1.113  0.000E+00  0.000E+00
  1.123  0.000E+00  0.000E+00
  1.133  0.000E+00  0.000E+00
  1.143  0.000E+00  0.000E+00
  1.153  0.000E+00  0.000E+00
  1.163  0.000E+00  0.000E+00
  1.173  0.000E+00  0.000E+00
  1.183  0.000E+00  0.000E+00
  1.193  0.000E+00  0.000E+00
  1.203  0.000E+00  0.000E+00
  1.213  0.000E+00  0.000E+00
  1.223  0.000E+00  0.000E+00
  1.233  0.000E+00  0.000E+00
  1.243  0.000E+00  0.000E+00
  1.253  0.000E+00  0.000E+00
  1.263  0.000E+00  0.000E+00
  1.273  0.000E+00  0.000E+00
  1.283  0.000E+00  0.000E+00
  1.293  0.000E+00  0.000E+00
  1.303  0.000E+00  0.000E+00
  1.313  0.000E+00  0.000E+00
  1.323  0.000E+00  0.000E+00
  1.333  0.000E+00  0.000E+00
  1.343  0.000E+00  0.000E+00
  1.353  0.000E+00  0.000E+00
  1.363  0.000E+00  0.000E+00
  1.373  0.000E+00  0.000E+00
  1.383  0.000E+00  0.000E+00
  1.393  0.000E+00  0.000E+00
  1.403  0.000E+00  0.000E+00
  1.413  0.000E+00  0.000E+00
  1.423  0.000E+00  0.000E+00
  1.433  0.000E+00  0.000E+00
  1.443  0.000E+00  0.000E+00
  1.453  0.000E+00  0.000E+00
  1.463  0.000E+00  0.000E+00
  1.473  0.000E+00  0.000E+00
  1.483  0.000E+00  0.000E+00
  1.493  0.000E+00  0.000E+00
  1.503  0.000E+00  0.000E+00
  1.513  0.000E+00  0.000E+00
  1.523  0.000E+00  0.000E+00
  1.533  0.000E+00  0.000E+00
  1.543  0.000E+00  0.000E+00
  1.553  0.000E+00  0.000E+00
  1.563  0.000E+00  0.000E+00
  1.573  0.000E+00  0.000E+00
  1.583  0.000E+00  0.000E+00
  1.593  0.000E+00  0.000E+00
  1.603  0.000E+00  0.000E+00
  1.613  0.000E+00  0.000E+00
  1.623  0.000E+00  0.000E+00
  1.633  0.000E+00  0.000E+00
  1.643  0.000E+00  0.000E+00
  1.653  0.000E+00  0.000E+00
  1.663  0.000E+00  0.000E+00
  1.673  0.000E+00  0.000E+00
  1.683  0.000E+00  0.000E+00
  1.693  0.000E+00  0.000E+00
  1.703  0.000E+00  0.000E+00
  1.713  0.000E+00  0.000E+00
  1.723  0.000E+00  0.000E+00
  1.733  0.000E+00  0.000E+00
  1.743  0.000E+00  0.000E+00
  1.753  0.000E+00  0.000E+00
  1.763  0.000E+00  0.000E+00
  1.773  0.000E+00  0.000E+00
  1.783  0.000E+00  0.000E+00
  1.793  0.000E+00  0.000E+00
  1.803  0.000E+00  0.000E+00
  1.813  0.000E+00  0.000E+00
  1.823  0.000E+00  0.000E+00
  1.833  0.000E+00  0.000E+00
  1.843  0.000E+00  0.000E+00
  1.853  0.000E+00  0.000E+00
  1.863  0.000E+00  0.000E+00
  1.873  0.000E+00  0.000E+00
  1.883  0.000E+00  0.000E+00
  1.893  0.000E+00  0.000E+00
  1.903  0.000E+00  0.000E+00
  1.913  0.000E+00  0.000E+00
  1.923  0.000E+00  0.000E+00
  1.933  0.000E+00  0.000E+00
  1.943  0.000E+00  0.000E+00
  1.953  0.000E+00  0.000E+00
  1.963  0.000E+00  0.000E+00
  1.973  0.000E+00  0.000E+00
  1.983  0.000E+00  0.000E+00
  1.993  0.000E+00  0.000E+00
  2.003  0.000E+00  0.000E+00
  2.013  0.000E+00  0.000E+00
  2.023  0.000E+00  0.000E+00
  2.033  0.000E+00  0.000E+00
  2.043  0.000E+00  0.000E+00
  2.053  0.000E+00  0.000E+00
  2.063  0.000E+00  0.000E+00
  2.073  0.000E+00  0.000E+00
  2.083  0.000E+00  0.000E+00
  2.093  0.000E+00  0.000E+00
  2.103  0.000E+00  0.000E+00
  2.113  0.000E+00  0.000E+00
  2.123  0.000E+00  0.000E+00
  2.133  0.000E+00  0.000E+00
  2.143  0.000E+00  0.000E+00
  2.153  0.000E+00  0.000E+00
  2.163  0.000E+00  0.000E+00
  2.173  0.000E+00  0.000E+00
  2.183  0.000E+00  0.000E+00
  2.193  0.000E+00  0.000E+00
  2.203  0.000E+00  0.000E+00
  2.213  0.000E+00  0.000E+00
  2.223  0.000E+00  0.000E+00
  2.233  0.000E+00  0.000E+00
  2.243  0.269E-01  0.269E-01
  2.253  0.916E-01  0.916E-01
  2.263  0.150E+00  0.150E+00
  2.273  0.215E+00  0.215E+00
  2.283  0.288E+00  0.288E+00
  2.293  0.367E+00  0.367E+00
  2.303  0.455E+00  0.455E+00
  2.313  0.552E+00  0.552E+00
  2.323  0.658E+00  0.658E+00
  2.333  0.799E+00  0.799E+00
  2.343  0.100E+01  0.100E+01
  2.353  0.129E+01  0.129E+01
  2.363  0.180E+01  0.180E+01
  2.373  0.211E+01  0.211E+01
  2.383  0.219E+01  0.219E+01
  2.393  0.213E+01  0.213E+01
  2.403  0.211E+01  0.211E+01
  2.413  0.211E+01  0.211E+01
  2.423  0.210E+01  0.210E+01
  2.433  0.196E+01  0.196E+01
  2.443  0.148E+01  0.148E+01
  2.453  0.144E+01  0.144E+01
  2.463  0.145E+01  0.145E+01
  2.473  0.160E+01  0.160E+01
  2.483  0.173E+01  0.173E+01
  2.493  0.189E+01  0.189E+01
  2.503  0.194E+01  0.194E+01
  2.513  0.207E+01  0.207E+01
  2.523  0.242E+01  0.242E+01
  2.533  0.409E+01  0.409E+01
  2.543  0.500E+01  0.500E+01
  2.553  0.472E+01  0.472E+01
  2.563  0.330E+01  0.330E+01
  2.573  0.298E+01  0.298E+01
  2.583  0.273E+01  0.273E+01
  2.593  0.246E+01  0.246E+01
  2.603  0.206E+01  0.206E+01
  2.613  0.237E+01  0.237E+01
  2.623  0.566E+00  0.567E+00
  2.633  0.000E+00  0.000E+00
  2.643  0.000E+00  0.000E+00
  2.653  0.380E-01  0.380E-01
  2.663  0.183E+00  0.183E+00
  2.673  0.446E+00  0.446E+00
  2.683  0.789E+00  0.789E+00
  2.693  0.111E+01  0.111E+01
  2.703  0.129E+01  0.129E+01
  2.713  0.137E+01  0.137E+01
  2.723  0.143E+01  0.143E+01
  2.733  0.144E+01  0.144E+01
  2.743  0.159E+01  0.159E+01
  2.753  0.250E+01  0.250E+01
  2.763  0.268E+01  0.268E+01
  2.773  0.299E+01  0.299E+01
  2.783  0.327E+01  0.327E+01
  2.793  0.388E+01  0.388E+01
  2.803  0.466E+01  0.466E+01
  2.813  0.494E+01  0.494E+01
  2.823  0.519E+01  0.519E+01
  2.833  0.606E+01  0.606E+01
  2.843  0.616E+01  0.616E+01
  2.853  0.391E+01  0.391E+01
  2.863  0.387E+01  0.387E+01
  2.873  0.343E+01  0.343E+01
  2.883  0.431E+01  0.431E+01
  2.893  0.422E+01  0.422E+01
  2.903  0.544E+01  0.544E+01
  2.913  0.474E+01  0.474E+01
  2.923  0.559E+01  0.559E+01
  2.933  0.555E+01  0.555E+01
  2.943  0.539E+01  0.539E+01
  2.953  0.555E+01  0.555E+01
  2.963  0.636E+01  0.636E+01
  2.973  0.608E+01  0.608E+01
  2.983  0.607E+01  0.607E+01
  2.993  0.667E+01  0.667E+01
  3.003  0.662E+01  0.662E+01
  3.013  0.652E+01  0.652E+01
  3.023  0.632E+01  0.632E+01
  3.033  0.718E+01  0.718E+01
  3.043  0.743E+01  0.743E+01
  3.053  0.773E+01  0.773E+01
  3.063  0.816E+01  0.816E+01
  3.073  0.831E+01  0.831E+01
  3.083  0.818E+01  0.818E+01
  3.093  0.820E+01  0.820E+01
  3.103  0.859E+01  0.859E+01
  3.113  0.912E+01  0.912E+01
  3.123  0.941E+01  0.941E+01
  3.133  0.920E+01  0.920E+01
  3.143  0.878E+01  0.878E+01
  3.153  0.850E+01  0.850E+01
  3.163  0.796E+01  0.796E+01
  3.173  0.787E+01  0.787E+01
  3.183  0.858E+01  0.858E+01
  3.193  0.905E+01  0.905E+01
  3.203  0.873E+01  0.873E+01
  3.213  0.874E+01  0.874E+01
  3.223  0.853E+01  0.853E+01
  3.233  0.788E+01  0.788E+01
  3.243  0.109E+02  0.109E+02
  3.253  0.115E+02  0.115E+02
  3.263  0.105E+02  0.105E+02
  3.273  0.114E+02  0.114E+02
  3.283  0.110E+02  0.110E+02
  3.293  0.107E+02  0.107E+02
  3.303  0.111E+02  0.111E+02
  3.313  0.114E+02  0.114E+02
  3.323  0.101E+02  0.101E+02
  3.333  0.104E+02  0.104E+02
  3.343  0.110E+02  0.110E+02
  3.353  0.112E+02  0.112E+02
  3.363  0.106E+02  0.106E+02
  3.373  0.100E+02  0.100E+02
  3.383  0.103E+02  0.103E+02
  3.393  0.105E+02  0.105E+02
  3.403  0.104E+02  0.104E+02
  3.413  0.110E+02  0.110E+02
  3.423  0.111E+02  0.111E+02
  3.433  0.109E+02  0.109E+02
  3.443  0.111E+02  0.111E+02
  3.453  0.110E+02  0.110E+02
  3.463  0.984E+01  0.984E+01
  3.473  0.826E+01  0.826E+01
  3.483  0.870E+01  0.870E+01
  3.493  0.899E+01  0.899E+01
  3.503  0.928E+01  0.928E+01
  3.513  0.768E+01  0.768E+01
  3.523  0.762E+01  0.762E+01
  3.533  0.942E+01  0.942E+01
  3.543  0.783E+01  0.783E+01
  3.553  0.801E+01  0.801E+01
  3.563  0.814E+01  0.814E+01
  3.573  0.911E+01  0.911E+01
  3.583  0.856E+01  0.856E+01
  3.593  0.816E+01  0.816E+01
  3.603  0.704E+01  0.704E+01
  3.613  0.645E+01  0.645E+01
  3.623  0.605E+01  0.605E+01
  3.633  0.600E+01  0.600E+01
  3.643  0.686E+01  0.686E+01
  3.653  0.638E+01  0.638E+01
  3.663  0.595E+01  0.595E+01
  3.673  0.567E+01  0.567E+01
  3.683  0.542E+01  0.542E+01
  3.693  0.497E+01  0.497E+01
  3.703  0.500E+01  0.500E+01
  3.713  0.453E+01  0.453E+01
  3.723  0.413E+01  0.413E+01
  3.733  0.449E+01  0.449E+01
  3.743  0.426E+01  0.426E+01
  3.753  0.383E+01  0.383E+01
  3.763  0.424E+01  0.424E+01
  3.773  0.431E+01  0.431E+01
  3.783  0.311E+01  0.311E+01
  3.793  0.275E+01  0.275E+01
  3.803  0.368E+01  0.368E+01
  3.813  0.511E+01  0.511E+01
  3.823  0.544E+01  0.544E+01
  3.833  0.625E+01  0.625E+01
  3.843  0.833E+01  0.833E+01
  3.853  0.622E+01  0.622E+01
  3.863  0.472E+01  0.472E+01
  3.873  0.446E+01  0.446E+01
  3.883  0.389E+01  0.389E+01
  3.893  0.403E+01  0.403E+01
  3.903  0.431E+01  0.431E+01
  3.913  0.422E+01  0.422E+01
  3.923  0.425E+01  0.425E+01
  3.933  0.416E+01  0.416E+01
  3.943  0.413E+01  0.413E+01
  3.953  0.410E+01  0.410E+01
  3.963  0.412E+01  0.412E+01
  3.973  0.414E+01  0.414E+01
  3.983  0.420E+01  0.420E+01
  3.993  0.401E+01  0.401E+01
  4.003  0.502E+01  0.502E+01
  4.013  0.527E+01  0.527E+01
  4.023  0.491E+01  0.491E+01
  4.033  0.463E+01  0.463E+01
  4.043  0.433E+01  0.433E+01
  4.053  0.512E+01  0.512E+01
  4.063  0.542E+01  0.542E+01
  4.073  0.454E+01  0.454E+01
  4.083  0.397E+01  0.397E+01
  4.093  0.363E+01  0.363E+01
  4.103  0.449E+01  0.449E+01
  4.113  0.641E+01  0.641E+01
  4.123  0.375E+01  0.375E+01
  4.133  0.314E+01  0.314E+01
  4.143  0.302E+01  0.302E+01
  4.153  0.363E+01  0.363E+01
  4.163  0.479E+01  0.479E+01
  4.173  0.417E+01  0.417E+01
  4.183  0.327E+01  0.327E+01
  4.193  0.272E+01  0.272E+01
  4.203  0.252E+01  0.252E+01
  4.213  0.256E+01  0.256E+01
  4.223  0.275E+01  0.275E+01
  4.233  0.291E+01  0.291E+01
  4.243  0.312E+01  0.312E+01
  4.253  0.326E+01  0.326E+01
  4.263  0.329E+01  0.329E+01
  4.273  0.316E+01  0.316E+01
  4.283  0.325E+01  0.325E+01
  4.293  0.323E+01  0.323E+01
  4.303  0.290E+01  0.290E+01
  4.313  0.255E+01  0.255E+01
  4.323  0.230E+01  0.230E+01
  4.333  0.219E+01  0.219E+01
  4.343  0.242E+01  0.242E+01
  4.353  0.204E+01  0.204E+01
  4.363  0.195E+01  0.195E+01
  4.373  0.208E+01  0.208E+01
  4.383  0.258E+01  0.258E+01
  4.393  0.240E+01  0.240E+01
  4.403  0.212E+01  0.212E+01
  4.413  0.182E+01  0.182E+01
  4.423  0.158E+01  0.158E+01
  4.433  0.165E+01  0.165E+01
  4.443  0.165E+01  0.165E+01
  4.453  0.167E+01  0.167E+01
  4.463  0.164E+01  0.164E+01
  4.473  0.164E+01  0.164E+01
  4.483  0.164E+01  0.164E+01
  4.493  0.171E+01  0.171E+01
  4.503  0.179E+01  0.179E+01
  4.513  0.190E+01  0.190E+01
  4.523  0.213E+01  0.213E+01
  4.533  0.212E+01  0.212E+01
  4.543  0.201E+01  0.201E+01
  4.553  0.213E+01  0.213E+01
  4.563  0.201E+01  0.201E+01
  4.573  0.199E+01  0.199E+01
  4.583  0.199E+01  0.199E+01
  4.593  0.194E+01  0.194E+01
  4.603  0.189E+01  0.189E+01
  4.613  0.189E+01  0.189E+01
  4.623  0.194E+01  0.194E+01
  4.633  0.200E+01  0.200E+01
  4.643  0.207E+01  0.207E+01
  4.653  0.212E+01  0.212E+01
  4.663  0.216E+01  0.216E+01
  4.673  0.197E+01  0.197E+01
  4.683  0.192E+01  0.192E+01
  4.693  0.189E+01  0.189E+01
  4.703  0.182E+01  0.182E+01
  4.713  0.174E+01  0.174E+01
  4.723  0.167E+01  0.167E+01
  4.733  0.170E+01  0.170E+01
  4.743  0.175E+01  0.175E+01
  4.753  0.181E+01  0.181E+01
  4.763  0.183E+01  0.183E+01
  4.773  0.183E+01  0.183E+01
  4.783  0.181E+01  0.181E+01
  4.793  0.176E+01  0.176E+01
  4.803  0.172E+01  0.172E+01
  4.813  0.168E+01  0.168E+01
  4.823  0.181E+01  0.181E+01
  4.833  0.198E+01  0.198E+01
  4.843  0.175E+01  0.175E+01
  4.853  0.168E+01  0.168E+01
  4.863  0.161E+01  0.161E+01
  4.873  0.155E+01  0.155E+01
  4.883  0.149E+01  0.149E+01
  4.893  0.145E+01  0.145E+01
  4.903  0.141E+01  0.141E+01
  4.913  0.138E+01  0.138E+01
  4.923  0.135E+01  0.135E+01
  4.933  0.134E+01  0.134E+01
  4.943  0.136E+01  0.136E+01
  4.953  0.137E+01  0.137E+01
  4.963  0.138E+01  0.138E+01
  4.973  0.141E+01  0.141E+01
  4.983  0.144E+01  0.144E+01
  4.993  0.151E+01  0.151E+01
  5.003  0.145E+01  0.145E+01
  5.013  0.144E+01  0.144E+01
  5.023  0.145E+01  0.145E+01
  5.033  0.152E+01  0.152E+01
  5.043  0.160E+01  0.160E+01
  5.053  0.168E+01  0.168E+01
  5.063  0.172E+01  0.172E+01
  5.073  0.170E+01  0.170E+01
  5.083  0.182E+01  0.182E+01
  5.093  0.188E+01  0.188E+01
  5.103  0.188E+01  0.188E+01
  5.113  0.187E+01  0.187E+01
  5.123  0.187E+01  0.187E+01
  5.133  0.188E+01  0.188E+01
  5.143  0.180E+01  0.180E+01
  5.153  0.172E+01  0.172E+01
  5.163  0.178E+01  0.178E+01
  5.173  0.187E+01  0.187E+01
  5.183  0.187E+01  0.187E+01
  5.193  0.183E+01  0.183E+01
  5.203  0.181E+01  0.181E+01
  5.213  0.186E+01  0.186E+01
  5.223  0.203E+01  0.203E+01
  5.233  0.219E+01  0.219E+01
  5.243  0.203E+01  0.203E+01
  5.253  0.187E+01  0.187E+01
  5.263  0.170E+01  0.170E+01
  5.273  0.166E+01  0.166E+01
  5.283  0.168E+01  0.168E+01
  5.293  0.173E+01  0.173E+01
  5.303  0.196E+01  0.196E+01
  5.313  0.207E+01  0.207E+01
  5.323  0.214E+01  0.214E+01
  5.333  0.212E+01  0.212E+01
  5.343  0.207E+01  0.207E+01
  5.353  0.206E+01  0.206E+01
  5.363  0.202E+01  0.202E+01
  5.373  0.195E+01  0.195E+01
  5.383  0.198E+01  0.198E+01
  5.393  0.190E+01  0.190E+01
  5.403  0.173E+01  0.173E+01
  5.413  0.172E+01  0.172E+01
  5.423  0.168E+01  0.168E+01
  5.433  0.170E+01  0.170E+01
  5.443  0.174E+01  0.174E+01
  5.453  0.157E+01  0.157E+01
  5.463  0.156E+01  0.156E+01
  5.473  0.156E+01  0.156E+01
  5.483  0.153E+01  0.153E+01
  5.493  0.154E+01  0.154E+01
  5.503  0.155E+01  0.155E+01
  5.513  0.158E+01  0.158E+01
  5.523  0.162E+01  0.162E+01
  5.533  0.165E+01  0.165E+01
  5.543  0.154E+01  0.154E+01
  5.553  0.155E+01  0.155E+01
  5.563  0.156E+01  0.156E+01
  5.573  0.159E+01  0.159E+01
  5.583  0.154E+01  0.154E+01
  5.593  0.151E+01  0.151E+01
  5.603  0.149E+01  0.149E+01
  5.613  0.148E+01  0.148E+01
  5.623  0.148E+01  0.148E+01
  5.633  0.148E+01  0.148E+01
  5.643  0.148E+01  0.148E+01
  5.653  0.147E+01  0.147E+01
  5.663  0.150E+01  0.150E+01
  5.673  0.147E+01  0.147E+01
  5.683  0.146E+01  0.146E+01
  5.693  0.145E+01  0.145E+01
  5.703  0.144E+01  0.144E+01
  5.713  0.145E+01  0.145E+01
  5.723  0.147E+01  0.147E+01
  5.733  0.151E+01  0.151E+01
  5.743  0.151E+01  0.151E+01
  5.753  0.152E+01  0.152E+01
  5.763  0.151E+01  0.151E+01
  5.773  0.147E+01  0.147E+01
  5.783  0.149E+01  0.149E+01
  5.793  0.148E+01  0.148E+01
  5.803  0.145E+01  0.145E+01
  5.813  0.146E+01  0.146E+01
  5.823  0.150E+01  0.150E+01
  5.833  0.138E+01  0.138E+01
  5.843  0.128E+01  0.128E+01
  5.853  0.122E+01  0.122E+01
  5.863  0.120E+01  0.120E+01
  5.873  0.122E+01  0.122E+01
  5.883  0.124E+01  0.124E+01
  5.893  0.125E+01  0.125E+01
  5.903  0.130E+01  0.130E+01
  5.913  0.130E+01  0.130E+01
  5.923  0.133E+01  0.133E+01
  5.933  0.135E+01  0.135E+01
  5.943  0.135E+01  0.135E+01
  5.953  0.142E+01  0.142E+01
  5.963  0.144E+01  0.144E+01
  5.973  0.144E+01  0.144E+01
  5.983  0.148E+01  0.148E+01
  5.993  0.156E+01  0.156E+01
  6.003  0.158E+01  0.158E+01
  6.013  0.155E+01  0.155E+01
  6.023  0.158E+01  0.158E+01
  6.033  0.158E+01  0.158E+01
  6.043  0.158E+01  0.158E+01
  6.053  0.155E+01  0.155E+01
  6.063  0.152E+01  0.152E+01
  6.073  0.152E+01  0.152E+01
  6.083  0.150E+01  0.150E+01
  6.093  0.147E+01  0.147E+01
  6.103  0.149E+01  0.149E+01
  6.113  0.143E+01  0.143E+01
  6.123  0.146E+01  0.146E+01
  6.133  0.153E+01  0.153E+01
  6.143  0.126E+01  0.126E+01
  6.153  0.121E+01  0.121E+01
  6.163  0.126E+01  0.126E+01
  6.173  0.118E+01  0.118E+01
  6.183  0.111E+01  0.111E+01
  6.193  0.109E+01  0.109E+01
  6.203  0.124E+01  0.124E+01
  6.213  0.121E+01  0.121E+01
  6.223  0.122E+01  0.122E+01
  6.233  0.114E+01  0.114E+01
  6.243  0.121E+01  0.121E+01
  6.253  0.112E+01  0.112E+01
  6.263  0.123E+01  0.123E+01
  6.273  0.130E+01  0.130E+01
  6.283  0.125E+01  0.125E+01
  6.293  0.111E+01  0.111E+01
  6.303  0.111E+01  0.111E+01
  6.313  0.110E+01  0.110E+01
  6.323  0.109E+01  0.109E+01
  6.333  0.112E+01  0.112E+01
  6.343  0.116E+01  0.116E+01
  6.353  0.123E+01  0.123E+01
  6.363  0.135E+01  0.135E+01
  6.373  0.133E+01  0.133E+01
  6.383  0.121E+01  0.121E+01
  6.393  0.118E+01  0.118E+01
  6.403  0.108E+01  0.108E+01
  6.413  0.117E+01  0.117E+01
  6.423  0.119E+01  0.119E+01
  6.433  0.111E+01  0.111E+01
  6.443  0.118E+01  0.118E+01
  6.453  0.986E+00  0.986E+00
  6.463  0.106E+01  0.106E+01
  6.473  0.111E+01  0.111E+01
  6.483  0.123E+01  0.123E+01
  6.493  0.124E+01  0.124E+01
  6.503  0.133E+01  0.133E+01
  6.513  0.134E+01  0.134E+01
  6.523  0.121E+01  0.121E+01
  6.533  0.118E+01  0.118E+01
  6.543  0.114E+01  0.114E+01
  6.553  0.106E+01  0.106E+01
  6.563  0.112E+01  0.112E+01
  6.573  0.111E+01  0.111E+01
  6.583  0.108E+01  0.108E+01
  6.593  0.110E+01  0.110E+01
  6.603  0.116E+01  0.116E+01
  6.613  0.122E+01  0.122E+01
  6.623  0.123E+01  0.123E+01
  6.633  0.125E+01  0.125E+01
  6.643  0.122E+01  0.122E+01
  6.653  0.118E+01  0.118E+01
  6.663  0.118E+01  0.118E+01
  6.673  0.105E+01  0.105E+01
  6.683  0.993E+00  0.993E+00
  6.693  0.957E+00  0.957E+00
  6.703  0.950E+00  0.950E+00
  6.713  0.101E+01  0.101E+01
  6.723  0.999E+00  0.999E+00
  6.733  0.119E+01  0.119E+01
  6.743  0.891E+00  0.891E+00
  6.753  0.933E+00  0.933E+00
  6.763  0.102E+01  0.102E+01
  6.773  0.110E+01  0.110E+01
  6.783  0.111E+01  0.111E+01
  6.793  0.975E+00  0.975E+00
  6.803  0.106E+01  0.106E+01
  6.813  0.119E+01  0.119E+01
  6.823  0.123E+01  0.123E+01
  6.833  0.131E+01  0.131E+01
  6.843  0.141E+01  0.141E+01
  6.853  0.117E+01  0.117E+01
  6.863  0.115E+01  0.115E+01
  6.873  0.111E+01  0.111E+01
  6.883  0.106E+01  0.106E+01
  6.893  0.104E+01  0.104E+01
  6.903  0.108E+01  0.108E+01
  6.913  0.110E+01  0.110E+01
  6.923  0.112E+01  0.112E+01
  6.933  0.107E+01  0.107E+01
  6.943  0.106E+01  0.106E+01
  6.953  0.955E+00  0.955E+00
  6.963  0.917E+00  0.917E+00
  6.973  0.926E+00  0.926E+00
  6.983  0.897E+00  0.897E+00
  6.993  0.864E+00  0.864E+00
  7.003  0.865E+00  0.865E+00
  7.013  0.867E+00  0.867E+00
  7.023  0.860E+00  0.860E+00
  7.033  0.870E+00  0.870E+00
  7.043  0.879E+00  0.879E+00
  7.053  0.874E+00  0.874E+00
  7.063  0.873E+00  0.873E+00
  7.073  0.882E+00  0.882E+00
  7.083  0.882E+00  0.882E+00
  7.093  0.884E+00  0.884E+00
  7.103  0.896E+00  0.896E+00
  7.113  0.916E+00  0.916E+00
  7.123  0.980E+00  0.980E+00
  7.133  0.998E+00  0.998E+00
  7.143  0.940E+00  0.940E+00
  7.153  0.958E+00  0.958E+00
  7.163  0.952E+00  0.952E+00
  7.173  0.983E+00  0.983E+00
  7.183  0.103E+01  0.103E+01
  7.193  0.104E+01  0.104E+01
  7.203  0.103E+01  0.103E+01
  7.213  0.101E+01  0.101E+01
  7.223  0.101E+01  0.101E+01
  7.233  0.101E+01  0.101E+01
  7.243  0.978E+00  0.978E+00
  7.253  0.965E+00  0.965E+00
  7.263  0.955E+00  0.955E+00
  7.273  0.970E+00  0.970E+00
  7.283  0.926E+00  0.926E+00
  7.293  0.867E+00  0.867E+00
  7.303  0.878E+00  0.878E+00
  7.313  0.873E+00  0.873E+00
  7.323  0.841E+00  0.841E+00
  7.333  0.849E+00  0.849E+00
  7.343  0.844E+00  0.844E+00
  7.353  0.839E+00  0.839E+00
  7.363  0.813E+00  0.813E+00
  7.373  0.815E+00  0.815E+00
  7.383  0.807E+00  0.807E+00
  7.393  0.922E+00  0.922E+00
  7.403  0.793E+00  0.793E+00
  7.413  0.787E+00  0.787E+00
  7.423  0.789E+00  0.789E+00
  7.433  0.843E+00  0.843E+00
  7.443  0.811E+00  0.811E+00
  7.453  0.795E+00  0.795E+00
  7.463  0.794E+00  0.794E+00
  7.473  0.788E+00  0.788E+00
  7.483  0.801E+00  0.801E+00
  7.493  0.879E+00  0.879E+00
  7.503  0.923E+00  0.923E+00
  7.513  0.968E+00  0.968E+00
  7.523  0.921E+00  0.921E+00
  7.533  0.801E+00  0.801E+00
  7.543  0.665E+00  0.665E+00
  7.553  0.805E+00  0.805E+00
  7.563  0.769E+00  0.769E+00
  7.573  0.625E+00  0.625E+00
  7.583  0.673E+00  0.673E+00
  7.593  0.680E+00  0.680E+00
  7.603  0.648E+00  0.648E+00
  7.613  0.623E+00  0.623E+00
  7.623  0.626E+00  0.626E+00
  7.633  0.635E+00  0.635E+00
  7.643  0.629E+00  0.629E+00
  7.653  0.617E+00  0.617E+00
  7.663  0.616E+00  0.616E+00
  7.673  0.605E+00  0.605E+00
  7.683  0.619E+00  0.619E+00
  7.693  0.627E+00  0.627E+00
  7.703  0.637E+00  0.637E+00
  7.713  0.616E+00  0.616E+00
  7.723  0.615E+00  0.615E+00
  7.733  0.615E+00  0.615E+00
  7.743  0.618E+00  0.618E+00
  7.753  0.619E+00  0.619E+00
  7.763  0.617E+00  0.617E+00
  7.773  0.616E+00  0.616E+00
  7.783  0.617E+00  0.617E+00
  7.793  0.613E+00  0.613E+00
  7.803  0.613E+00  0.613E+00
  7.813  0.605E+00  0.605E+00
  7.823  0.586E+00  0.586E+00
  7.833  0.562E+00  0.562E+00
  7.843  0.553E+00  0.553E+00
  7.853  0.539E+00  0.539E+00
  7.863  0.523E+00  0.523E+00
  7.873  0.514E+00  0.514E+00
  7.883  0.509E+00  0.509E+00
  7.893  0.503E+00  0.503E+00
  7.903  0.507E+00  0.507E+00
  7.913  0.514E+00  0.514E+00
  7.923  0.513E+00  0.513E+00
  7.933  0.510E+00  0.510E+00
  7.943  0.517E+00  0.517E+00
  7.953  0.523E+00  0.523E+00
  7.963  0.518E+00  0.518E+00
  7.973  0.519E+00  0.519E+00
  7.983  0.502E+00  0.502E+00
  7.993  0.475E+00  0.475E+00
  8.003  0.454E+00  0.454E+00
  8.013  0.413E+00  0.413E+00
  8.023  0.388E+00  0.388E+00
  8.033  0.368E+00  0.368E+00
  8.043  0.361E+00  0.361E+00
  8.053  0.346E+00  0.346E+00
  8.063  0.328E+00  0.328E+00
  8.073  0.305E+00  0.305E+00
  8.083  0.300E+00  0.300E+00
  8.093  0.302E+00  0.302E+00
  8.103  0.340E+00  0.340E+00
  8.113  0.349E+00  0.349E+00
  8.123  0.355E+00  0.355E+00
  8.133  0.384E+00  0.384E+00
  8.143  0.399E+00  0.399E+00
  8.153  0.391E+00  0.391E+00
  8.163  0.379E+00  0.379E+00
  8.173  0.343E+00  0.343E+00
  8.183  0.308E+00  0.308E+00
  8.193  0.286E+00  0.286E+00
  8.203  0.273E+00  0.273E+00
  8.213  0.257E+00  0.257E+00
  8.223  0.252E+00  0.252E+00
  8.233  0.243E+00  0.243E+00
  8.243  0.272E+00  0.272E+00
  8.253  0.237E+00  0.237E+00
  8.263  0.205E+00  0.205E+00
  8.273  0.181E+00  0.181E+00
  8.283  0.167E+00  0.167E+00
  8.293  0.174E+00  0.174E+00
  8.303  0.172E+00  0.172E+00
  8.313  0.175E+00  0.175E+00
  8.323  0.192E+00  0.192E+00
  8.333  0.203E+00  0.203E+00
  8.343  0.216E+00  0.216E+00
  8.353  0.214E+00  0.214E+00
  8.363  0.218E+00  0.218E+00
  8.373  0.180E+00  0.180E+00
  8.383  0.151E+00  0.151E+00
  8.393  0.127E+00  0.127E+00
  8.403  0.118E+00  0.118E+00
  8.413  0.116E+00  0.116E+00
  8.423  0.118E+00  0.118E+00
  8.433  0.161E+00  0.161E+00
  8.443  0.181E+00  0.181E+00
  8.453  0.111E+00  0.111E+00
  8.463  0.152E+00  0.152E+00
  8.473  0.219E+00  0.219E+00
  8.483  0.146E+00  0.146E+00
  8.493  0.121E+00  0.121E+00
  8.503  0.100E+00  0.100E+00
  8.513  0.101E+00  0.101E+00
  8.523  0.106E+00  0.106E+00
  8.533  0.104E+00  0.104E+00
  8.543  0.106E+00  0.106E+00
  8.553  0.119E+00  0.119E+00
  8.563  0.108E+00  0.108E+00
  8.573  0.905E-01  0.905E-01
  8.583  0.832E-01  0.832E-01
  8.593  0.909E-01  0.909E-01
  8.603  0.890E-01  0.890E-01
  8.613  0.825E-01  0.825E-01
  8.623  0.799E-01  0.799E-01
  8.633  0.859E-01  0.859E-01
  8.643  0.663E-01  0.663E-01
  8.653  0.812E-01  0.812E-01
  8.663  0.696E-01  0.696E-01
  8.673  0.664E-01  0.664E-01
  8.683  0.685E-01  0.685E-01
  8.693  0.738E-01  0.738E-01
  8.703  0.712E-01  0.712E-01
  8.713  0.713E-01  0.713E-01
  8.723  0.681E-01  0.681E-01
  8.733  0.621E-01  0.621E-01
  8.743  0.551E-01  0.551E-01
  8.753  0.682E-01  0.682E-01
  8.763  0.530E-01  0.530E-01
  8.773  0.469E-01  0.469E-01
  8.783  0.406E-01  0.406E-01
  8.793  0.340E-01  0.340E-01
  8.803  0.299E-01  0.299E-01
  8.813  0.287E-01  0.287E-01
  8.823  0.278E-01  0.278E-01
  8.833  0.292E-01  0.292E-01
  8.843  0.261E-01  0.261E-01
  8.853  0.223E-01  0.223E-01
  8.863  0.176E-01  0.176E-01
  8.873  0.163E-01  0.163E-01
  8.883  0.158E-01  0.158E-01
  8.893  0.157E-01  0.157E-01
  8.903  0.158E-01  0.158E-01
  8.913  0.154E-01  0.154E-01
  8.923  0.157E-01  0.157E-01
  8.933  0.165E-01  0.165E-01
  8.943  0.167E-01  0.167E-01
  8.953  0.176E-01  0.176E-01
  8.963  0.185E-01  0.185E-01
  8.973  0.192E-01  0.192E-01
  8.983  0.250E-01  0.250E-01
  8.993  0.113E-01  0.113E-01
  9.003  0.830E-02  0.830E-02
  9.013  0.653E-02  0.653E-02
  9.023  0.527E-02  0.527E-02
  9.033  0.437E-02  0.437E-02
  9.043  0.384E-02  0.384E-02
  9.053  0.355E-02  0.355E-02
  9.063  0.338E-02  0.338E-02
  9.073  0.330E-02  0.330E-02
  9.083  0.332E-02  0.332E-02
  9.093  0.305E-02  0.305E-02
  9.103  0.213E-02  0.213E-02
  9.113  0.162E-02  0.162E-02
  9.123  0.122E-02  0.122E-02
  9.133  0.850E-03  0.850E-03
  9.143  0.561E-03  0.561E-03
  9.153  0.350E-03  0.350E-03
  9.163  0.219E-03  0.219E-03
  9.173  0.590E-04  0.590E-04
  9.183  0.000E+00  0.000E+00
  9.193  0.000E+00  0.000E+00
  9.203  0.000E+00  0.000E+00
  9.213  0.000E+00  0.000E+00
  9.223  0.000E+00  0.000E+00
  9.233  0.000E+00  0.000E+00
  9.243  0.000E+00  0.000E+00
  9.253  0.000E+00  0.000E+00
  9.263  0.000E+00  0.000E+00
  9.273  0.000E+00  0.000E+00
  9.283  0.000E+00  0.000E+00
  9.293  0.000E+00  0.000E+00
  9.303  0.000E+00  0.000E+00
  9.313  0.000E+00  0.000E+00
  9.323  0.000E+00  0.000E+00
  9.333  0.000E+00  0.000E+00
  9.343  0.000E+00  0.000E+00
  9.353  0.000E+00  0.000E+00
  9.363  0.000E+00  0.000E+00
  9.373  0.000E+00  0.000E+00
  9.383  0.000E+00  0.000E+00
  9.393  0.000E+00  0.000E+00
  9.403  0.000E+00  0.000E+00
  9.413  0.000E+00  0.000E+00
  9.423  0.000E+00  0.000E+00
  9.433  0.000E+00  0.000E+00
  9.443  0.000E+00  0.000E+00
  9.453  0.000E+00  0.000E+00
  9.463  0.000E+00  0.000E+00
  9.473  0.000E+00  0.000E+00
  9.483  0.000E+00  0.000E+00
  9.493  0.000E+00  0.000E+00
  9.503  0.000E+00  0.000E+00
  9.513  0.000E+00  0.000E+00
  9.523  0.000E+00  0.000E+00
  9.533  0.000E+00  0.000E+00
  9.543  0.000E+00  0.000E+00
  9.553  0.000E+00  0.000E+00
  9.563  0.000E+00  0.000E+00
  9.573  0.000E+00  0.000E+00
  9.583  0.000E+00  0.000E+00
  9.593  0.000E+00  0.000E+00
  9.603  0.000E+00  0.000E+00
  9.613  0.000E+00  0.000E+00
  9.623  0.000E+00  0.000E+00
  9.633  0.000E+00  0.000E+00
  9.643  0.000E+00  0.000E+00
  9.653  0.000E+00  0.000E+00
  9.663  0.000E+00  0.000E+00
  9.673  0.000E+00  0.000E+00
  9.683  0.000E+00  0.000E+00
  9.693  0.000E+00  0.000E+00
  9.703  0.000E+00  0.000E+00
  9.713  0.000E+00  0.000E+00
  9.723  0.000E+00  0.000E+00
  9.733  0.000E+00  0.000E+00
  9.743  0.000E+00  0.000E+00
  9.753  0.000E+00  0.000E+00
  9.763  0.000E+00  0.000E+00
  9.773  0.000E+00  0.000E+00
  9.783  0.000E+00  0.000E+00
  9.793  0.000E+00  0.000E+00
  9.803  0.000E+00  0.000E+00
  9.813  0.000E+00  0.000E+00
  9.823  0.000E+00  0.000E+00
  9.833  0.000E+00  0.000E+00
  9.843  0.000E+00  0.000E+00
  9.853  0.000E+00  0.000E+00
  9.863  0.000E+00  0.000E+00
  9.873  0.000E+00  0.000E+00
  9.883  0.000E+00  0.000E+00
  9.893  0.000E+00  0.000E+00
  9.903  0.000E+00  0.000E+00
  9.913  0.000E+00  0.000E+00
  9.923  0.000E+00  0.000E+00
  9.933  0.000E+00  0.000E+00
  9.943  0.000E+00  0.000E+00
  9.953  0.000E+00  0.000E+00
  9.963  0.000E+00  0.000E+00
  9.973  0.000E+00  0.000E+00
  9.983  0.000E+00  0.000E+00
  9.993  0.000E+00  0.000E+00
 10.003  0.000E+00  0.000E+00
 10.013  0.000E+00  0.000E+00
 10.023  0.000E+00  0.000E+00
 10.033  0.000E+00  0.000E+00
 10.043  0.000E+00  0.000E+00
 10.053  0.000E+00  0.000E+00
 10.063  0.000E+00  0.000E+00
 10.073  0.000E+00  0.000E+00
 10.083  0.000E+00  0.000E+00
 10.093  0.000E+00  0.000E+00
 10.103  0.000E+00  0.000E+00
 10.113  0.000E+00  0.000E+00
 10.123  0.000E+00  0.000E+00
 10.133  0.000E+00  0.000E+00
 10.143  0.000E+00  0.000E+00
 10.153  0.000E+00  0.000E+00
 10.163  0.000E+00  0.000E+00
 10.173  0.000E+00  0.000E+00
 10.183  0.000E+00  0.000E+00
 10.193  0.000E+00  0.000E+00
 10.203  0.000E+00  0.000E+00
 10.213  0.000E+00  0.000E+00
 10.223  0.000E+00  0.000E+00
 10.233  0.000E+00  0.000E+00
 10.243  0.000E+00  0.000E+00
 10.253  0.000E+00  0.000E+00
 10.263  0.000E+00  0.000E+00
 10.273  0.000E+00  0.000E+00
 10.283  0.000E+00  0.000E+00
 10.293  0.000E+00  0.000E+00
 10.303  0.000E+00  0.000E+00
 10.313  0.000E+00  0.000E+00
 10.323  0.000E+00  0.000E+00
 10.333  0.000E+00  0.000E+00
 10.343  0.000E+00  0.000E+00
 10.353  0.000E+00  0.000E+00
 10.363  0.000E+00  0.000E+00
 10.373  0.000E+00  0.000E+00
 10.383  0.000E+00  0.000E+00
 10.393  0.000E+00  0.000E+00
 10.403  0.000E+00  0.000E+00
 10.413  0.000E+00  0.000E+00
 10.423  0.000E+00  0.000E+00
 10.433  0.000E+00  0.000E+00
 10.443  0.000E+00  0.000E+00
 10.453  0.000E+00  0.000E+00
 10.463  0.000E+00  0.000E+00
 10.473  0.000E+00  0.000E+00
 10.483  0.000E+00  0.000E+00
 10.493  0.000E+00  0.000E+00
 10.503  0.000E+00  0.000E+00
 10.513  0.000E+00  0.000E+00
 10.523  0.000E+00  0.000E+00
 10.533  0.000E+00  0.000E+00
 10.543  0.000E+00  0.000E+00
 10.553  0.000E+00  0.000E+00
 10.563  0.000E+00  0.000E+00
 10.573  0.000E+00  0.000E+00
 10.583  0.000E+00  0.000E+00
 10.593  0.000E+00  0.000E+00
 10.603  0.000E+00  0.000E+00
 10.613  0.000E+00  0.000E+00
 10.623  0.000E+00  0.000E+00
 10.633  0.000E+00  0.000E+00
 10.643  0.000E+00  0.000E+00
 10.653  0.000E+00  0.000E+00
 10.663  0.000E+00  0.000E+00
 10.673  0.000E+00  0.000E+00
 10.683  0.000E+00  0.000E+00
 10.693  0.000E+00  0.000E+00
 10.703  0.000E+00  0.000E+00
 10.713  0.253E-04  0.253E-04
 10.723  0.308E-03  0.308E-03
 10.733  0.898E-03  0.898E-03
 10.743  0.179E-02  0.179E-02
 10.753  0.298E-02  0.298E-02
 10.763  0.445E-02  0.445E-02
 10.773  0.621E-02  0.621E-02
 10.783  0.824E-02  0.824E-02
 10.793  0.105E-01  0.105E-01
 10.803  0.131E-01  0.131E-01
 10.813  0.159E-01  0.159E-01
 10.823  0.190E-01  0.190E-01
 10.833  0.223E-01  0.223E-01
 10.843  0.259E-01  0.259E-01
 10.853  0.297E-01  0.297E-01
 10.863  0.337E-01  0.337E-01
 10.873  0.379E-01  0.379E-01
 10.883  0.423E-01  0.423E-01
 10.893  0.470E-01  0.470E-01
 10.903  0.520E-01  0.520E-01
 10.913  0.568E-01  0.568E-01
 10.923  0.614E-01  0.614E-01
 10.933  0.654E-01  0.654E-01
 10.943  0.691E-01  0.691E-01
 10.953  0.726E-01  0.726E-01
 10.963  0.760E-01  0.760E-01
 10.973  0.793E-01  0.793E-01
 10.983  0.824E-01  0.824E-01
 10.993  0.854E-01  0.854E-01
 11.003  0.882E-01  0.882E-01
 11.013  0.908E-01  0.908E-01
 11.023  0.933E-01  0.933E-01
 11.033  0.956E-01  0.956E-01
 11.043  0.979E-01  0.979E-01
 11.053  0.999E-01  0.999E-01
 11.063  0.102E+00  0.102E+00
 11.073  0.104E+00  0.104E+00
 11.083  0.105E+00  0.105E+00
 11.093  0.108E+00  0.108E+00
 11.103  0.111E+00  0.111E+00
 11.113  0.114E+00  0.114E+00
 11.123  0.118E+00  0.118E+00
 11.133  0.121E+00  0.121E+00
 11.143  0.124E+00  0.124E+00
 11.153  0.127E+00  0.127E+00
 11.163  0.130E+00  0.130E+00
 11.173  0.133E+00  0.133E+00
 11.183  0.137E+00  0.137E+00
 11.193  0.140E+00  0.140E+00
 11.203  0.143E+00  0.143E+00
 11.213  0.146E+00  0.146E+00
 11.223  0.149E+00  0.149E+00
 11.233  0.152E+00  0.152E+00
 11.243  0.155E+00  0.155E+00
 11.253  0.158E+00  0.158E+00
 11.263  0.161E+00  0.161E+00
 11.273  0.164E+00  0.164E+00
 11.283  0.167E+00  0.167E+00
 11.293  0.170E+00  0.170E+00
 11.303  0.172E+00  0.172E+00
 11.313  0.174E+00  0.174E+00
 11.323  0.175E+00  0.175E+00
 11.333  0.176E+00  0.176E+00
 11.343  0.177E+00  0.177E+00
 11.353  0.178E+00  0.178E+00
 11.363  0.179E+00  0.179E+00
 11.373  0.180E+00  0.180E+00
 11.383  0.180E+00  0.180E+00
 11.393  0.181E+00  0.181E+00
 11.403  0.182E+00  0.182E+00
 11.413  0.184E+00  0.184E+00
 11.423  0.185E+00  0.185E+00
 11.433  0.186E+00  0.186E+00
 11.443  0.187E+00  0.187E+00
 11.453  0.188E+00  0.188E+00
 11.463  0.188E+00  0.188E+00
 11.473  0.189E+00  0.189E+00
 11.483  0.190E+00  0.190E+00
 11.493  0.191E+00  0.191E+00
 11.503  0.191E+00  0.191E+00
 11.513  0.192E+00  0.192E+00
 11.523  0.192E+00  0.192E+00
 11.533  0.192E+00  0.192E+00
 11.543  0.194E+00  0.194E+00
 11.553  0.195E+00  0.195E+00
 11.563  0.197E+00  0.197E+00
 11.573  0.199E+00  0.199E+00
 11.583  0.202E+00  0.202E+00
 11.593  0.205E+00  0.205E+00
 11.603  0.209E+00  0.209E+00
 11.613  0.214E+00  0.214E+00
 11.623  0.219E+00  0.219E+00
 11.633  0.225E+00  0.225E+00
 11.643  0.230E+00  0.230E+00
 11.653  0.235E+00  0.235E+00
 11.663  0.240E+00  0.240E+00
 11.673  0.245E+00  0.245E+00
 11.683  0.250E+00  0.250E+00
 11.693  0.255E+00  0.255E+00
 11.703  0.260E+00  0.260E+00
 11.713  0.264E+00  0.264E+00
 11.723  0.269E+00  0.269E+00
 11.733  0.274E+00  0.274E+00
 11.743  0.279E+00  0.279E+00
 11.753  0.284E+00  0.284E+00
 11.763  0.289E+00  0.289E+00
 11.773  0.294E+00  0.294E+00
 11.783  0.300E+00  0.300E+00
 11.793  0.305E+00  0.305E+00
 11.803  0.311E+00  0.311E+00
 11.813  0.316E+00  0.316E+00
 11.823  0.321E+00  0.321E+00
 11.833  0.327E+00  0.327E+00
 11.843  0.333E+00  0.333E+00
 11.853  0.340E+00  0.340E+00
 11.863  0.348E+00  0.348E+00
 11.873  0.357E+00  0.357E+00
 11.883  0.366E+00  0.366E+00
 11.893  0.376E+00  0.376E+00
 11.903  0.387E+00  0.387E+00
 11.913  0.399E+00  0.399E+00
 11.923  0.410E+00  0.410E+00
 11.933  0.420E+00  0.420E+00
 11.943  0.430E+00  0.430E+00
 11.953  0.440E+00  0.440E+00
 11.963  0.451E+00  0.451E+00
 11.973  0.466E+00  0.466E+00
 11.983  0.483E+00  0.483E+00
 11.993  0.537E+00  0.537E+00
 12.003  0.594E+00  0.594E+00
 12.013  0.632E+00  0.632E+00
 12.023  0.655E+00  0.655E+00
 12.033  0.663E+00  0.663E+00
 12.043  0.666E+00  0.666E+00
 12.053  0.637E+00  0.637E+00
 12.063  0.617E+00  0.617E+00
 12.073  0.609E+00  0.609E+00
 12.083  0.598E+00  0.598E+00
 12.093  0.586E+00  0.586E+00
 12.103  0.482E+00  0.482E+00
 12.113  0.469E+00  0.469E+00
 12.123  0.458E+00  0.458E+00
 12.133  0.448E+00  0.448E+00
 12.143  0.437E+00  0.437E+00
 12.153  0.425E+00  0.425E+00
 12.163  0.415E+00  0.415E+00
 12.173  0.404E+00  0.404E+00
 12.183  0.464E+00  0.464E+00
 12.193  0.423E+00  0.423E+00
 12.203  0.390E+00  0.390E+00
 12.213  0.298E+00  0.298E+00
 12.223  0.305E+00  0.305E+00
 12.233  0.311E+00  0.311E+00
 12.243  0.319E+00  0.319E+00
 12.253  0.327E+00  0.327E+00
 12.263  0.340E+00  0.340E+00
 12.273  0.356E+00  0.356E+00
 12.283  0.377E+00  0.377E+00
 12.293  0.418E+00  0.418E+00
 12.303  0.490E+00  0.490E+00
 12.313  0.578E+00  0.578E+00
 12.323  0.686E+00  0.686E+00
 12.333  0.819E+00  0.819E+00
 12.343  0.862E+00  0.862E+00
 12.353  0.807E+00  0.807E+00
 12.363  0.763E+00  0.763E+00
 12.373  0.743E+00  0.742E+00
 12.383  0.728E+00  0.728E+00
 12.393  0.716E+00  0.716E+00
 12.403  0.708E+00  0.708E+00
 12.413  0.715E+00  0.715E+00
 12.423  0.738E+00  0.738E+00
 12.433  0.735E+00  0.735E+00
 12.443  0.725E+00  0.725E+00
 12.453  0.728E+00  0.728E+00
 12.463  0.648E+00  0.648E+00
 12.473  0.583E+00  0.583E+00
 12.483  0.540E+00  0.540E+00
 12.493  0.522E+00  0.522E+00
 12.503  0.521E+00  0.521E+00
 12.513  0.530E+00  0.530E+00
 12.523  0.563E+00  0.563E+00
 12.533  0.596E+00  0.596E+00
 12.543  0.600E+00  0.600E+00
 12.553  0.633E+00  0.633E+00
 12.563  0.677E+00  0.677E+00
 12.573  0.730E+00  0.730E+00
 12.583  0.803E+00  0.803E+00
 12.593  0.931E+00  0.931E+00
 12.603  0.968E+00  0.968E+00
 12.613  0.966E+00  0.966E+00
 12.623  0.952E+00  0.952E+00
 12.633  0.949E+00  0.949E+00
 12.643  0.951E+00  0.951E+00
 12.653  0.960E+00  0.960E+00
 12.663  0.114E+01  0.114E+01
 12.673  0.106E+01  0.106E+01
 12.683  0.998E+00  0.998E+00
 12.693  0.944E+00  0.944E+00
 12.703  0.902E+00  0.902E+00
 12.713  0.850E+00  0.850E+00
 12.723  0.761E+00  0.761E+00
 12.733  0.794E+00  0.794E+00
 12.743  0.843E+00  0.843E+00
 12.753  0.764E+00  0.764E+00
 12.763  0.784E+00  0.784E+00
 12.773  0.994E+00  0.993E+00
 12.783  0.900E+00  0.900E+00
 12.793  0.942E+00  0.942E+00
 12.803  0.103E+01  0.103E+01
 12.813  0.112E+01  0.112E+01
 12.823  0.123E+01  0.123E+01
 12.833  0.135E+01  0.135E+01
 12.843  0.160E+01  0.160E+01
 12.853  0.163E+01  0.163E+01
 12.863  0.153E+01  0.153E+01
 12.873  0.158E+01  0.158E+01
 12.883  0.154E+01  0.154E+01
 12.893  0.141E+01  0.141E+01
 12.903  0.124E+01  0.124E+01
 12.913  0.100E+01  0.100E+01
 12.923  0.928E+00  0.928E+00
 12.933  0.945E+00  0.945E+00
 12.943  0.103E+01  0.103E+01
 12.953  0.118E+01  0.118E+01
 12.963  0.130E+01  0.130E+01
 12.973  0.139E+01  0.139E+01
 12.983  0.146E+01  0.146E+01
 12.993  0.149E+01  0.149E+01
 13.003  0.170E+01  0.170E+01
 13.013  0.192E+01  0.192E+01
 13.023  0.199E+01  0.199E+01
 13.033  0.195E+01  0.195E+01
 13.043  0.172E+01  0.172E+01
 13.053  0.152E+01  0.152E+01
 13.063  0.144E+01  0.145E+01
 13.073  0.139E+01  0.139E+01
 13.083  0.133E+01  0.133E+01
 13.093  0.138E+01  0.138E+01
 13.103  0.106E+01  0.106E+01
 13.113  0.934E+00  0.934E+00
 13.123  0.112E+01  0.112E+01
 13.133  0.160E+01  0.160E+01
 13.143  0.208E+01  0.207E+01
 13.153  0.201E+01  0.201E+01
 13.163  0.226E+01  0.226E+01
 13.173  0.165E+01  0.165E+01
 13.183  0.127E+01  0.127E+01
 13.193  0.968E+00  0.968E+00
 13.203  0.102E+01  0.102E+01
 13.213  0.112E+01  0.112E+01
 13.223  0.126E+01  0.126E+01
 13.233  0.146E+01  0.146E+01
 13.243  0.171E+01  0.171E+01
 13.253  0.206E+01  0.206E+01
 13.263  0.204E+01  0.204E+01
 13.273  0.180E+01  0.180E+01
 13.283  0.164E+01  0.164E+01
 13.293  0.156E+01  0.156E+01
 13.303  0.158E+01  0.158E+01
 13.313  0.170E+01  0.170E+01
 13.323  0.151E+01  0.151E+01
 13.333  0.164E+01  0.164E+01
 13.343  0.183E+01  0.183E+01
 13.353  0.196E+01  0.196E+01
 13.363  0.217E+01  0.217E+01
 13.373  0.343E+01  0.343E+01
 13.383  0.296E+01  0.296E+01
 13.393  0.287E+01  0.287E+01
 13.403  0.287E+01  0.287E+01
 13.413  0.337E+01  0.337E+01
 13.423  0.286E+01  0.286E+01
 13.433  0.290E+01  0.290E+01
 13.443  0.347E+01  0.347E+01
 13.453  0.338E+01  0.338E+01
 13.463  0.370E+01  0.370E+01
 13.473  0.360E+01  0.360E+01
 13.483  0.326E+01  0.326E+01
 13.493  0.315E+01  0.315E+01
 13.503  0.291E+01  0.291E+01
 13.513  0.286E+01  0.286E+01
 13.523  0.286E+01  0.286E+01
 13.533  0.298E+01  0.298E+01
 13.543  0.303E+01  0.303E+01
 13.553  0.311E+01  0.311E+01
 13.563  0.318E+01  0.318E+01
 13.573  0.328E+01  0.328E+01
 13.583  0.327E+01  0.327E+01
 13.593  0.322E+01  0.322E+01
 13.603  0.321E+01  0.321E+01
 13.613  0.330E+01  0.330E+01
 13.623  0.335E+01  0.335E+01
 13.633  0.348E+01  0.348E+01
 13.643  0.337E+01  0.337E+01
 13.653  0.346E+01  0.346E+01
 13.663  0.365E+01  0.365E+01
 13.673  0.385E+01  0.385E+01
 13.683  0.412E+01  0.412E+01
 13.693  0.396E+01  0.396E+01
 13.703  0.388E+01  0.388E+01
 13.713  0.385E+01  0.385E+01
 13.723  0.412E+01  0.412E+01
 13.733  0.449E+01  0.449E+01
 13.743  0.364E+01  0.364E+01
 13.753  0.353E+01  0.353E+01
 13.763  0.370E+01  0.370E+01
 13.773  0.362E+01  0.362E+01
 13.783  0.371E+01  0.371E+01
 13.793  0.408E+01  0.408E+01
 13.803  0.333E+01  0.333E+01
 13.813  0.329E+01  0.329E+01
 13.823  0.326E+01  0.326E+01
 13.833  0.332E+01  0.332E+01
 13.843  0.341E+01  0.341E+01
 13.853  0.355E+01  0.355E+01
 13.863  0.381E+01  0.381E+01
 13.873  0.375E+01  0.375E+01
 13.883  0.376E+01  0.376E+01
 13.893  0.375E+01  0.375E+01
 13.903  0.378E+01  0.378E+01
 13.913  0.379E+01  0.379E+01
 13.923  0.380E+01  0.380E+01
 13.933  0.390E+01  0.390E+01
 13.943  0.403E+01  0.403E+01
 13.953  0.411E+01  0.411E+01
 13.963  0.412E+01  0.412E+01
 13.973  0.422E+01  0.422E+01
 13.983  0.382E+01  0.382E+01
 13.993  0.361E+01  0.361E+01
 14.003  0.361E+01  0.361E+01
 14.013  0.370E+01  0.370E+01
 14.023  0.371E+01  0.371E+01
 14.033  0.377E+01  0.377E+01
 14.043  0.379E+01  0.379E+01
 14.053  0.348E+01  0.348E+01
 14.063  0.337E+01  0.337E+01
 14.073  0.336E+01  0.336E+01
 14.083  0.334E+01  0.334E+01
 14.093  0.345E+01  0.345E+01
 14.103  0.391E+01  0.391E+01
 14.113  0.518E+01  0.518E+01
 14.123  0.487E+01  0.487E+01
 14.133  0.373E+01  0.373E+01
 14.143  0.382E+01  0.382E+01
 14.153  0.440E+01  0.440E+01
 14.163  0.530E+01  0.530E+01
 14.173  0.447E+01  0.447E+01
 14.183  0.472E+01  0.472E+01
 14.193  0.495E+01  0.495E+01
 14.203  0.453E+01  0.453E+01
 14.213  0.454E+01  0.454E+01
 14.223  0.450E+01  0.450E+01
 14.233  0.422E+01  0.422E+01
 14.243  0.395E+01  0.395E+01
 14.253  0.434E+01  0.434E+01
 14.263  0.434E+01  0.434E+01
 14.273  0.410E+01  0.410E+01
 14.283  0.409E+01  0.409E+01
 14.293  0.484E+01  0.484E+01
 14.303  0.478E+01  0.478E+01
 14.313  0.482E+01  0.482E+01
 14.323  0.492E+01  0.492E+01
 14.333  0.493E+01  0.493E+01
 14.343  0.499E+01  0.499E+01
 14.353  0.495E+01  0.495E+01
 14.363  0.493E+01  0.493E+01
 14.373  0.488E+01  0.488E+01
 14.383  0.478E+01  0.478E+01
 14.393  0.480E+01  0.480E+01
 14.403  0.494E+01  0.494E+01
 14.413  0.503E+01  0.503E+01
 14.423  0.493E+01  0.493E+01
 14.433  0.521E+01  0.521E+01
 14.443  0.540E+01  0.540E+01
 14.453  0.638E+01  0.638E+01
 14.463  0.577E+01  0.577E+01
 14.473  0.549E+01  0.549E+01
 14.483  0.502E+01  0.502E+01
 14.493  0.494E+01  0.494E+01
 14.503  0.450E+01  0.450E+01
 14.513  0.452E+01  0.452E+01
 14.523  0.491E+01  0.491E+01
 14.533  0.416E+01  0.416E+01
 14.543  0.375E+01  0.375E+01
 14.553  0.354E+01  0.354E+01
 14.563  0.341E+01  0.341E+01
 14.573  0.343E+01  0.343E+01
 14.583  0.297E+01  0.297E+01
 14.593  0.240E+01  0.240E+01
 14.603  0.176E+01  0.176E+01
 14.613  0.166E+01  0.166E+01
 14.623  0.145E+01  0.145E+01
 14.633  0.115E+01  0.115E+01
 14.643  0.104E+01  0.104E+01
 14.653  0.904E+00  0.904E+00
 14.663  0.569E+00  0.569E+00
 14.673  0.419E+00  0.419E+00
 14.683  0.310E+00  0.310E+00
 14.693  0.205E+00  0.205E+00
 14.703  0.133E+00  0.133E+00
 14.713  0.574E-01  0.574E-01
 14.723  0.268E-01  0.268E-01
 14.733  0.000E+00  0.000E+00
