# E (eV) pdosup(E)  pdosdw(E) 
 -8.267  0.000E+00  0.000E+00
 -8.257  0.000E+00  0.000E+00
 -8.247  0.000E+00  0.000E+00
 -8.237  0.000E+00  0.000E+00
 -8.227  0.000E+00  0.000E+00
 -8.217  0.000E+00  0.000E+00
 -8.207  0.000E+00  0.000E+00
 -8.197  0.000E+00  0.000E+00
 -8.187  0.000E+00  0.000E+00
 -8.177  0.000E+00  0.000E+00
 -8.167  0.000E+00  0.000E+00
 -8.157  0.000E+00  0.000E+00
 -8.147  0.000E+00  0.000E+00
 -8.137  0.000E+00  0.000E+00
 -8.127  0.000E+00  0.000E+00
 -8.117  0.000E+00  0.000E+00
 -8.107  0.000E+00  0.000E+00
 -8.097  0.000E+00  0.000E+00
 -8.087  0.000E+00  0.000E+00
 -8.077  0.000E+00  0.000E+00
 -8.067  0.000E+00  0.000E+00
 -8.057  0.000E+00  0.000E+00
 -8.047  0.000E+00  0.000E+00
 -8.037  0.000E+00  0.000E+00
 -8.027  0.000E+00  0.000E+00
 -8.017  0.000E+00  0.000E+00
 -8.007  0.000E+00  0.000E+00
 -7.997  0.000E+00  0.000E+00
 -7.987  0.000E+00  0.000E+00
 -7.977  0.000E+00  0.000E+00
 -7.967  0.000E+00  0.000E+00
 -7.957  0.000E+00  0.000E+00
 -7.947  0.000E+00  0.000E+00
 -7.937  0.000E+00  0.000E+00
 -7.927  0.000E+00  0.000E+00
 -7.917  0.000E+00  0.000E+00
 -7.907  0.000E+00  0.000E+00
 -7.897  0.000E+00  0.000E+00
 -7.887  0.000E+00  0.000E+00
 -7.877  0.000E+00  0.000E+00
 -7.867  0.000E+00  0.000E+00
 -7.857  0.000E+00  0.000E+00
 -7.847  0.000E+00  0.000E+00
 -7.837  0.000E+00  0.000E+00
 -7.827  0.000E+00  0.000E+00
 -7.817  0.000E+00  0.000E+00
 -7.807  0.000E+00  0.000E+00
 -7.797  0.000E+00  0.000E+00
 -7.787  0.000E+00  0.000E+00
 -7.777  0.000E+00  0.000E+00
 -7.767  0.000E+00  0.000E+00
 -7.757  0.000E+00  0.000E+00
 -7.747  0.000E+00  0.000E+00
 -7.737  0.000E+00  0.000E+00
 -7.727  0.000E+00  0.000E+00
 -7.717  0.000E+00  0.000E+00
 -7.707  0.000E+00  0.000E+00
 -7.697  0.000E+00  0.000E+00
 -7.687  0.000E+00  0.000E+00
 -7.677  0.000E+00  0.000E+00
 -7.667  0.000E+00  0.000E+00
 -7.657  0.000E+00  0.000E+00
 -7.647  0.000E+00  0.000E+00
 -7.637  0.000E+00  0.000E+00
 -7.627  0.000E+00  0.000E+00
 -7.617  0.000E+00  0.000E+00
 -7.607  0.000E+00  0.000E+00
 -7.597  0.000E+00  0.000E+00
 -7.587  0.000E+00  0.000E+00
 -7.577  0.000E+00  0.000E+00
 -7.567  0.000E+00  0.000E+00
 -7.557  0.000E+00  0.000E+00
 -7.547  0.000E+00  0.000E+00
 -7.537  0.000E+00  0.000E+00
 -7.527  0.000E+00  0.000E+00
 -7.517  0.000E+00  0.000E+00
 -7.507  0.000E+00  0.000E+00
 -7.497  0.000E+00  0.000E+00
 -7.487  0.000E+00  0.000E+00
 -7.477  0.000E+00  0.000E+00
 -7.467  0.000E+00  0.000E+00
 -7.457  0.000E+00  0.000E+00
 -7.447  0.000E+00  0.000E+00
 -7.437  0.000E+00  0.000E+00
 -7.427  0.000E+00  0.000E+00
 -7.417  0.000E+00  0.000E+00
 -7.407  0.000E+00  0.000E+00
 -7.397  0.000E+00  0.000E+00
 -7.387  0.000E+00  0.000E+00
 -7.377  0.000E+00  0.000E+00
 -7.367  0.000E+00  0.000E+00
 -7.357  0.000E+00  0.000E+00
 -7.347  0.000E+00  0.000E+00
 -7.337  0.000E+00  0.000E+00
 -7.327  0.000E+00  0.000E+00
 -7.317  0.000E+00  0.000E+00
 -7.307  0.000E+00  0.000E+00
 -7.297  0.000E+00  0.000E+00
 -7.287  0.000E+00  0.000E+00
 -7.277  0.000E+00  0.000E+00
 -7.267  0.000E+00  0.000E+00
 -7.257  0.000E+00  0.000E+00
 -7.247  0.000E+00  0.000E+00
 -7.237  0.000E+00  0.000E+00
 -7.227  0.000E+00  0.000E+00
 -7.217  0.000E+00  0.000E+00
 -7.207  0.000E+00  0.000E+00
 -7.197  0.000E+00  0.000E+00
 -7.187  0.000E+00  0.000E+00
 -7.177  0.000E+00  0.000E+00
 -7.167  0.000E+00  0.000E+00
 -7.157  0.000E+00  0.000E+00
 -7.147  0.000E+00  0.000E+00
 -7.137  0.000E+00  0.000E+00
 -7.127  0.000E+00  0.000E+00
 -7.117  0.000E+00  0.000E+00
 -7.107  0.000E+00  0.000E+00
 -7.097  0.000E+00  0.000E+00
 -7.087  0.000E+00  0.000E+00
 -7.077  0.000E+00  0.000E+00
 -7.067  0.000E+00  0.000E+00
 -7.057  0.000E+00  0.000E+00
 -7.047  0.000E+00  0.000E+00
 -7.037  0.000E+00  0.000E+00
 -7.027  0.000E+00  0.000E+00
 -7.017  0.000E+00  0.000E+00
 -7.007  0.000E+00  0.000E+00
 -6.997  0.000E+00  0.000E+00
 -6.987  0.000E+00  0.000E+00
 -6.977  0.000E+00  0.000E+00
 -6.967  0.000E+00  0.000E+00
 -6.957  0.000E+00  0.000E+00
 -6.947  0.000E+00  0.000E+00
 -6.937  0.000E+00  0.000E+00
 -6.927  0.000E+00  0.000E+00
 -6.917  0.000E+00  0.000E+00
 -6.907  0.000E+00  0.000E+00
 -6.897  0.000E+00  0.000E+00
 -6.887  0.000E+00  0.000E+00
 -6.877  0.000E+00  0.000E+00
 -6.867  0.000E+00  0.000E+00
 -6.857  0.000E+00  0.000E+00
 -6.847  0.000E+00  0.000E+00
 -6.837  0.000E+00  0.000E+00
 -6.827  0.000E+00  0.000E+00
 -6.817  0.000E+00  0.000E+00
 -6.807  0.000E+00  0.000E+00
 -6.797  0.000E+00  0.000E+00
 -6.787  0.000E+00  0.000E+00
 -6.777  0.000E+00  0.000E+00
 -6.767  0.000E+00  0.000E+00
 -6.757  0.000E+00  0.000E+00
 -6.747  0.000E+00  0.000E+00
 -6.737  0.000E+00  0.000E+00
 -6.727  0.000E+00  0.000E+00
 -6.717  0.000E+00  0.000E+00
 -6.707  0.000E+00  0.000E+00
 -6.697  0.000E+00  0.000E+00
 -6.687  0.000E+00  0.000E+00
 -6.677  0.000E+00  0.000E+00
 -6.667  0.000E+00  0.000E+00
 -6.657  0.000E+00  0.000E+00
 -6.647  0.000E+00  0.000E+00
 -6.637  0.000E+00  0.000E+00
 -6.627  0.000E+00  0.000E+00
 -6.617  0.000E+00  0.000E+00
 -6.607  0.000E+00  0.000E+00
 -6.597  0.000E+00  0.000E+00
 -6.587  0.000E+00  0.000E+00
 -6.577  0.000E+00  0.000E+00
 -6.567  0.000E+00  0.000E+00
 -6.557  0.000E+00  0.000E+00
 -6.547  0.000E+00  0.000E+00
 -6.537  0.000E+00  0.000E+00
 -6.527  0.000E+00  0.000E+00
 -6.517  0.000E+00  0.000E+00
 -6.507  0.000E+00  0.000E+00
 -6.497  0.000E+00  0.000E+00
 -6.487  0.000E+00  0.000E+00
 -6.477  0.000E+00  0.000E+00
 -6.467  0.220E-03  0.220E-03
 -6.457  0.317E-02  0.317E-02
 -6.447  0.514E-02  0.514E-02
 -6.437  0.666E-02  0.666E-02
 -6.427  0.858E-02  0.858E-02
 -6.417  0.929E-02  0.929E-02
 -6.407  0.953E-02  0.953E-02
 -6.397  0.102E-01  0.102E-01
 -6.387  0.108E-01  0.108E-01
 -6.377  0.129E-01  0.129E-01
 -6.367  0.148E-01  0.148E-01
 -6.357  0.169E-01  0.169E-01
 -6.347  0.190E-01  0.190E-01
 -6.337  0.209E-01  0.209E-01
 -6.327  0.230E-01  0.230E-01
 -6.317  0.298E-01  0.298E-01
 -6.307  0.287E-01  0.287E-01
 -6.297  0.268E-01  0.268E-01
 -6.287  0.209E-01  0.209E-01
 -6.277  0.190E-01  0.190E-01
 -6.267  0.152E-01  0.152E-01
 -6.257  0.129E-01  0.129E-01
 -6.247  0.141E-01  0.141E-01
 -6.237  0.193E-01  0.193E-01
 -6.227  0.273E-01  0.273E-01
 -6.217  0.382E-01  0.382E-01
 -6.207  0.192E-01  0.192E-01
 -6.197  0.618E-02  0.618E-02
 -6.187  0.261E-02  0.261E-02
 -6.177  0.921E-02  0.921E-02
 -6.167  0.317E-01  0.317E-01
 -6.157  0.543E-01  0.543E-01
 -6.147  0.347E-01  0.347E-01
 -6.137  0.273E-01  0.273E-01
 -6.127  0.235E-01  0.235E-01
 -6.117  0.242E-01  0.242E-01
 -6.107  0.338E-01  0.338E-01
 -6.097  0.380E-01  0.380E-01
 -6.087  0.248E-01  0.248E-01
 -6.077  0.268E-01  0.268E-01
 -6.067  0.311E-01  0.311E-01
 -6.057  0.520E-01  0.520E-01
 -6.047  0.395E-01  0.395E-01
 -6.037  0.427E-01  0.427E-01
 -6.027  0.406E-01  0.406E-01
 -6.017  0.408E-01  0.408E-01
 -6.007  0.549E-01  0.549E-01
 -5.997  0.356E-01  0.356E-01
 -5.987  0.392E-01  0.392E-01
 -5.977  0.427E-01  0.427E-01
 -5.967  0.419E-01  0.419E-01
 -5.957  0.309E-01  0.309E-01
 -5.947  0.315E-01  0.315E-01
 -5.937  0.495E-01  0.495E-01
 -5.927  0.479E-01  0.479E-01
 -5.917  0.272E-01  0.272E-01
 -5.907  0.705E-01  0.705E-01
 -5.897  0.549E-01  0.549E-01
 -5.887  0.451E-01  0.451E-01
 -5.877  0.365E-01  0.365E-01
 -5.867  0.109E+00  0.109E+00
 -5.857  0.284E-01  0.284E-01
 -5.847  0.976E-01  0.976E-01
 -5.837  0.226E-01  0.226E-01
 -5.827  0.100E+00  0.100E+00
 -5.817  0.374E-01  0.374E-01
 -5.807  0.545E-01  0.545E-01
 -5.797  0.143E+00  0.143E+00
 -5.787  0.133E+00  0.133E+00
 -5.777  0.793E-01  0.793E-01
 -5.767  0.137E+00  0.137E+00
 -5.757  0.229E-01  0.229E-01
 -5.747  0.906E-01  0.906E-01
 -5.737  0.937E-01  0.937E-01
 -5.727  0.102E+00  0.102E+00
 -5.717  0.661E-01  0.661E-01
 -5.707  0.880E-01  0.879E-01
 -5.697  0.204E+00  0.204E+00
 -5.687  0.133E+00  0.133E+00
 -5.677  0.168E+00  0.168E+00
 -5.667  0.133E+00  0.133E+00
 -5.657  0.312E+00  0.312E+00
 -5.647  0.114E+00  0.114E+00
 -5.637  0.932E-01  0.932E-01
 -5.627  0.124E+00  0.124E+00
 -5.617  0.180E+00  0.180E+00
 -5.607  0.159E+00  0.159E+00
 -5.597  0.231E+00  0.231E+00
 -5.587  0.861E-01  0.860E-01
 -5.577  0.149E+00  0.149E+00
 -5.567  0.169E+00  0.169E+00
 -5.557  0.799E-01  0.800E-01
 -5.547  0.177E+01  0.178E+01
 -5.537  0.000E+00  0.000E+00
 -5.527  0.000E+00  0.000E+00
 -5.517  0.000E+00  0.000E+00
 -5.507  0.000E+00  0.000E+00
 -5.497  0.000E+00  0.000E+00
 -5.487  0.000E+00  0.000E+00
 -5.477  0.000E+00  0.000E+00
 -5.467  0.000E+00  0.000E+00
 -5.457  0.000E+00  0.000E+00
 -5.447  0.000E+00  0.000E+00
 -5.437  0.000E+00  0.000E+00
 -5.427  0.000E+00  0.000E+00
 -5.417  0.000E+00  0.000E+00
 -5.407  0.000E+00  0.000E+00
 -5.397  0.000E+00  0.000E+00
 -5.387  0.000E+00  0.000E+00
 -5.377  0.000E+00  0.000E+00
 -5.367  0.000E+00  0.000E+00
 -5.357  0.000E+00  0.000E+00
 -5.347  0.000E+00  0.000E+00
 -5.337  0.000E+00  0.000E+00
 -5.327  0.000E+00  0.000E+00
 -5.317  0.000E+00  0.000E+00
 -5.307  0.000E+00  0.000E+00
 -5.297  0.000E+00  0.000E+00
 -5.287  0.000E+00  0.000E+00
 -5.277  0.000E+00  0.000E+00
 -5.267  0.000E+00  0.000E+00
 -5.257  0.000E+00  0.000E+00
 -5.247  0.000E+00  0.000E+00
 -5.237  0.000E+00  0.000E+00
 -5.227  0.000E+00  0.000E+00
 -5.217  0.000E+00  0.000E+00
 -5.207  0.000E+00  0.000E+00
 -5.197  0.000E+00  0.000E+00
 -5.187  0.000E+00  0.000E+00
 -5.177  0.000E+00  0.000E+00
 -5.167  0.000E+00  0.000E+00
 -5.157  0.000E+00  0.000E+00
 -5.147  0.000E+00  0.000E+00
 -5.137  0.000E+00  0.000E+00
 -5.127  0.000E+00  0.000E+00
 -5.117  0.000E+00  0.000E+00
 -5.107  0.000E+00  0.000E+00
 -5.097  0.000E+00  0.000E+00
 -5.087  0.000E+00  0.000E+00
 -5.077  0.000E+00  0.000E+00
 -5.067  0.000E+00  0.000E+00
 -5.057  0.000E+00  0.000E+00
 -5.047  0.000E+00  0.000E+00
 -5.037  0.000E+00  0.000E+00
 -5.027  0.000E+00  0.000E+00
 -5.017  0.000E+00  0.000E+00
 -5.007  0.000E+00  0.000E+00
 -4.997  0.000E+00  0.000E+00
 -4.987  0.000E+00  0.000E+00
 -4.977  0.000E+00  0.000E+00
 -4.967  0.000E+00  0.000E+00
 -4.957  0.000E+00  0.000E+00
 -4.947  0.000E+00  0.000E+00
 -4.937  0.000E+00  0.000E+00
 -4.927  0.000E+00  0.000E+00
 -4.917  0.000E+00  0.000E+00
 -4.907  0.000E+00  0.000E+00
 -4.897  0.000E+00  0.000E+00
 -4.887  0.000E+00  0.000E+00
 -4.877  0.000E+00  0.000E+00
 -4.867  0.000E+00  0.000E+00
 -4.857  0.000E+00  0.000E+00
 -4.847  0.000E+00  0.000E+00
 -4.837  0.000E+00  0.000E+00
 -4.827  0.000E+00  0.000E+00
 -4.817  0.000E+00  0.000E+00
 -4.807  0.000E+00  0.000E+00
 -4.797  0.000E+00  0.000E+00
 -4.787  0.000E+00  0.000E+00
 -4.777  0.000E+00  0.000E+00
 -4.767  0.000E+00  0.000E+00
 -4.757  0.000E+00  0.000E+00
 -4.747  0.000E+00  0.000E+00
 -4.737  0.000E+00  0.000E+00
 -4.727  0.000E+00  0.000E+00
 -4.717  0.000E+00  0.000E+00
 -4.707  0.000E+00  0.000E+00
 -4.697  0.000E+00  0.000E+00
 -4.687  0.000E+00  0.000E+00
 -4.677  0.000E+00  0.000E+00
 -4.667  0.000E+00  0.000E+00
 -4.657  0.000E+00  0.000E+00
 -4.647  0.000E+00  0.000E+00
 -4.637  0.000E+00  0.000E+00
 -4.627  0.000E+00  0.000E+00
 -4.617  0.000E+00  0.000E+00
 -4.607  0.000E+00  0.000E+00
 -4.597  0.000E+00  0.000E+00
 -4.587  0.000E+00  0.000E+00
 -4.577  0.000E+00  0.000E+00
 -4.567  0.000E+00  0.000E+00
 -4.557  0.000E+00  0.000E+00
 -4.547  0.000E+00  0.000E+00
 -4.537  0.000E+00  0.000E+00
 -4.527  0.000E+00  0.000E+00
 -4.517  0.000E+00  0.000E+00
 -4.507  0.000E+00  0.000E+00
 -4.497  0.000E+00  0.000E+00
 -4.487  0.000E+00  0.000E+00
 -4.477  0.000E+00  0.000E+00
 -4.467  0.000E+00  0.000E+00
 -4.457  0.329E+01  0.329E+01
 -4.447  0.971E+00  0.971E+00
 -4.437  0.180E+00  0.180E+00
 -4.427  0.233E+01  0.233E+01
 -4.417  0.649E+01  0.649E+01
 -4.407  0.000E+00  0.000E+00
 -4.397  0.526E+01  0.526E+01
 -4.387  0.166E+01  0.166E+01
 -4.377  0.409E+01  0.409E+01
 -4.367  0.655E+01  0.654E+01
 -4.357  0.162E+02  0.161E+02
 -4.347  0.527E+01  0.527E+01
 -4.337  0.968E+01  0.969E+01
 -4.327  0.459E+01  0.459E+01
 -4.317  0.294E+01  0.294E+01
 -4.307  0.000E+00  0.000E+00
 -4.297  0.176E+02  0.176E+02
 -4.287  0.125E+02  0.125E+02
 -4.277  0.114E+02  0.115E+02
 -4.267  0.000E+00  0.000E+00
 -4.257  0.413E+01  0.413E+01
 -4.247  0.588E+01  0.588E+01
 -4.237  0.107E+02  0.106E+02
 -4.227  0.228E+02  0.228E+02
 -4.217  0.589E+01  0.589E+01
 -4.207  0.726E+01  0.726E+01
 -4.197  0.906E+01  0.907E+01
 -4.187  0.138E+02  0.138E+02
 -4.177  0.187E+02  0.187E+02
 -4.167  0.145E+02  0.145E+02
 -4.157  0.475E+02  0.475E+02
 -4.147  0.153E+02  0.153E+02
 -4.137  0.202E+02  0.202E+02
 -4.127  0.181E+02  0.181E+02
 -4.117  0.134E+02  0.134E+02
 -4.107  0.143E+02  0.143E+02
 -4.097  0.106E+02  0.106E+02
 -4.087  0.762E+01  0.762E+01
 -4.077  0.975E+01  0.976E+01
 -4.067  0.832E+01  0.832E+01
 -4.057  0.793E+01  0.793E+01
 -4.047  0.702E+01  0.702E+01
 -4.037  0.676E+01  0.676E+01
 -4.027  0.961E+01  0.961E+01
 -4.017  0.814E+01  0.814E+01
 -4.007  0.612E+01  0.612E+01
 -3.997  0.546E+01  0.546E+01
 -3.987  0.509E+01  0.509E+01
 -3.977  0.345E+01  0.346E+01
 -3.967  0.308E+01  0.308E+01
 -3.957  0.257E+01  0.257E+01
 -3.947  0.144E+01  0.144E+01
 -3.937  0.145E+01  0.145E+01
 -3.927  0.867E+00  0.868E+00
 -3.917  0.100E+01  0.100E+01
 -3.907  0.607E+00  0.607E+00
 -3.897  0.120E+01  0.120E+01
 -3.887  0.581E+00  0.581E+00
 -3.877  0.815E+00  0.815E+00
 -3.867  0.657E+00  0.657E+00
 -3.857  0.721E+00  0.721E+00
 -3.847  0.978E+00  0.978E+00
 -3.837  0.576E+00  0.576E+00
 -3.827  0.409E+00  0.409E+00
 -3.817  0.593E+00  0.593E+00
 -3.807  0.963E+00  0.963E+00
 -3.797  0.803E+00  0.803E+00
 -3.787  0.584E+00  0.584E+00
 -3.777  0.530E+00  0.530E+00
 -3.767  0.549E+00  0.549E+00
 -3.757  0.583E+00  0.583E+00
 -3.747  0.754E+00  0.754E+00
 -3.737  0.713E+00  0.713E+00
 -3.727  0.792E+00  0.792E+00
 -3.717  0.674E+00  0.674E+00
 -3.707  0.661E+00  0.661E+00
 -3.697  0.759E+00  0.759E+00
 -3.687  0.914E+00  0.914E+00
 -3.677  0.713E+00  0.713E+00
 -3.667  0.436E+00  0.436E+00
 -3.657  0.595E+00  0.595E+00
 -3.647  0.115E+01  0.115E+01
 -3.637  0.952E+00  0.952E+00
 -3.627  0.619E+00  0.619E+00
 -3.617  0.471E+00  0.471E+00
 -3.607  0.551E+00  0.551E+00
 -3.597  0.479E+00  0.479E+00
 -3.587  0.752E+00  0.752E+00
 -3.577  0.148E+01  0.148E+01
 -3.567  0.491E+00  0.491E+00
 -3.557  0.393E+00  0.393E+00
 -3.547  0.358E+00  0.358E+00
 -3.537  0.468E+00  0.468E+00
 -3.527  0.817E+00  0.817E+00
 -3.517  0.106E+01  0.106E+01
 -3.507  0.104E+01  0.104E+01
 -3.497  0.821E+00  0.820E+00
 -3.487  0.685E+00  0.685E+00
 -3.477  0.728E+00  0.728E+00
 -3.467  0.598E+00  0.598E+00
 -3.457  0.586E+00  0.586E+00
 -3.447  0.657E+00  0.657E+00
 -3.437  0.692E+00  0.692E+00
 -3.427  0.731E+00  0.731E+00
 -3.417  0.752E+00  0.752E+00
 -3.407  0.703E+00  0.703E+00
 -3.397  0.606E+00  0.606E+00
 -3.387  0.566E+00  0.566E+00
 -3.377  0.803E+00  0.803E+00
 -3.367  0.754E+00  0.754E+00
 -3.357  0.677E+00  0.677E+00
 -3.347  0.580E+00  0.580E+00
 -3.337  0.539E+00  0.539E+00
 -3.327  0.445E+00  0.445E+00
 -3.317  0.479E+00  0.479E+00
 -3.307  0.549E+00  0.549E+00
 -3.297  0.916E+00  0.916E+00
 -3.287  0.111E+01  0.111E+01
 -3.277  0.761E+00  0.760E+00
 -3.267  0.655E+00  0.655E+00
 -3.257  0.689E+00  0.689E+00
 -3.247  0.873E+00  0.873E+00
 -3.237  0.799E+00  0.799E+00
 -3.227  0.841E+00  0.841E+00
 -3.217  0.693E+00  0.693E+00
 -3.207  0.624E+00  0.624E+00
 -3.197  0.541E+00  0.541E+00
 -3.187  0.511E+00  0.511E+00
 -3.177  0.519E+00  0.519E+00
 -3.167  0.557E+00  0.557E+00
 -3.157  0.676E+00  0.676E+00
 -3.147  0.633E+00  0.633E+00
 -3.137  0.637E+00  0.637E+00
 -3.127  0.680E+00  0.680E+00
 -3.117  0.722E+00  0.722E+00
 -3.107  0.719E+00  0.719E+00
 -3.097  0.632E+00  0.632E+00
 -3.087  0.570E+00  0.570E+00
 -3.077  0.546E+00  0.546E+00
 -3.067  0.684E+00  0.684E+00
 -3.057  0.602E+00  0.602E+00
 -3.047  0.648E+00  0.648E+00
 -3.037  0.697E+00  0.697E+00
 -3.027  0.740E+00  0.740E+00
 -3.017  0.722E+00  0.722E+00
 -3.007  0.706E+00  0.706E+00
 -2.997  0.704E+00  0.704E+00
 -2.987  0.717E+00  0.717E+00
 -2.977  0.656E+00  0.656E+00
 -2.967  0.646E+00  0.646E+00
 -2.957  0.675E+00  0.675E+00
 -2.947  0.722E+00  0.722E+00
 -2.937  0.736E+00  0.736E+00
 -2.927  0.752E+00  0.752E+00
 -2.917  0.683E+00  0.683E+00
 -2.907  0.651E+00  0.651E+00
 -2.897  0.659E+00  0.659E+00
 -2.887  0.633E+00  0.633E+00
 -2.877  0.618E+00  0.618E+00
 -2.867  0.686E+00  0.686E+00
 -2.857  0.691E+00  0.691E+00
 -2.847  0.749E+00  0.749E+00
 -2.837  0.643E+00  0.643E+00
 -2.827  0.573E+00  0.573E+00
 -2.817  0.595E+00  0.595E+00
 -2.807  0.656E+00  0.656E+00
 -2.797  0.544E+00  0.544E+00
 -2.787  0.615E+00  0.615E+00
 -2.777  0.604E+00  0.604E+00
 -2.767  0.480E+00  0.480E+00
 -2.757  0.467E+00  0.467E+00
 -2.747  0.551E+00  0.551E+00
 -2.737  0.646E+00  0.646E+00
 -2.727  0.800E+00  0.800E+00
 -2.717  0.739E+00  0.739E+00
 -2.707  0.829E+00  0.829E+00
 -2.697  0.771E+00  0.771E+00
 -2.687  0.853E+00  0.853E+00
 -2.677  0.519E+00  0.519E+00
 -2.667  0.419E+00  0.419E+00
 -2.657  0.529E+00  0.529E+00
 -2.647  0.398E+00  0.398E+00
 -2.637  0.439E+00  0.439E+00
 -2.627  0.384E+00  0.384E+00
 -2.617  0.397E+00  0.397E+00
 -2.607  0.479E+00  0.479E+00
 -2.597  0.518E+00  0.518E+00
 -2.587  0.535E+00  0.535E+00
 -2.577  0.456E+00  0.456E+00
 -2.567  0.445E+00  0.445E+00
 -2.557  0.506E+00  0.506E+00
 -2.547  0.486E+00  0.486E+00
 -2.537  0.526E+00  0.526E+00
 -2.527  0.501E+00  0.501E+00
 -2.517  0.427E+00  0.427E+00
 -2.507  0.491E+00  0.491E+00
 -2.497  0.462E+00  0.462E+00
 -2.487  0.444E+00  0.444E+00
 -2.477  0.473E+00  0.473E+00
 -2.467  0.382E+00  0.382E+00
 -2.457  0.428E+00  0.428E+00
 -2.447  0.396E+00  0.396E+00
 -2.437  0.330E+00  0.330E+00
 -2.427  0.373E+00  0.373E+00
 -2.417  0.354E+00  0.354E+00
 -2.407  0.334E+00  0.334E+00
 -2.397  0.335E+00  0.335E+00
 -2.387  0.324E+00  0.324E+00
 -2.377  0.287E+00  0.287E+00
 -2.367  0.287E+00  0.287E+00
 -2.357  0.326E+00  0.326E+00
 -2.347  0.338E+00  0.338E+00
 -2.337  0.276E+00  0.276E+00
 -2.327  0.264E+00  0.264E+00
 -2.317  0.253E+00  0.253E+00
 -2.307  0.261E+00  0.261E+00
 -2.297  0.250E+00  0.250E+00
 -2.287  0.227E+00  0.227E+00
 -2.277  0.236E+00  0.236E+00
 -2.267  0.275E+00  0.275E+00
 -2.257  0.266E+00  0.266E+00
 -2.247  0.331E+00  0.331E+00
 -2.237  0.264E+00  0.264E+00
 -2.227  0.307E+00  0.307E+00
 -2.217  0.281E+00  0.281E+00
 -2.207  0.305E+00  0.305E+00
 -2.197  0.151E+00  0.151E+00
 -2.187  0.130E+00  0.130E+00
 -2.177  0.137E+00  0.137E+00
 -2.167  0.167E+00  0.167E+00
 -2.157  0.250E+00  0.250E+00
 -2.147  0.260E+00  0.260E+00
 -2.137  0.213E+00  0.213E+00
 -2.127  0.143E+00  0.143E+00
 -2.117  0.116E+00  0.116E+00
 -2.107  0.117E+00  0.117E+00
 -2.097  0.910E-01  0.910E-01
 -2.087  0.673E-01  0.673E-01
 -2.077  0.482E-01  0.482E-01
 -2.067  0.224E-01  0.224E-01
 -2.057  0.151E-03  0.151E-03
 -2.047  0.000E+00  0.000E+00
 -2.037  0.000E+00  0.000E+00
 -2.027  0.000E+00  0.000E+00
 -2.017  0.000E+00  0.000E+00
 -2.007  0.000E+00  0.000E+00
 -1.997  0.000E+00  0.000E+00
 -1.987  0.000E+00  0.000E+00
 -1.977  0.000E+00  0.000E+00
 -1.967  0.000E+00  0.000E+00
 -1.957  0.000E+00  0.000E+00
 -1.947  0.000E+00  0.000E+00
 -1.937  0.000E+00  0.000E+00
 -1.927  0.000E+00  0.000E+00
 -1.917  0.000E+00  0.000E+00
 -1.907  0.000E+00  0.000E+00
 -1.897  0.000E+00  0.000E+00
 -1.887  0.000E+00  0.000E+00
 -1.877  0.000E+00  0.000E+00
 -1.867  0.000E+00  0.000E+00
 -1.857  0.000E+00  0.000E+00
 -1.847  0.000E+00  0.000E+00
 -1.837  0.000E+00  0.000E+00
 -1.827  0.000E+00  0.000E+00
 -1.817  0.000E+00  0.000E+00
 -1.807  0.000E+00  0.000E+00
 -1.797  0.000E+00  0.000E+00
 -1.787  0.000E+00  0.000E+00
 -1.777  0.000E+00  0.000E+00
 -1.767  0.000E+00  0.000E+00
 -1.757  0.000E+00  0.000E+00
 -1.747  0.000E+00  0.000E+00
 -1.737  0.000E+00  0.000E+00
 -1.727  0.000E+00  0.000E+00
 -1.717  0.000E+00  0.000E+00
 -1.707  0.000E+00  0.000E+00
 -1.697  0.000E+00  0.000E+00
 -1.687  0.000E+00  0.000E+00
 -1.677  0.000E+00  0.000E+00
 -1.667  0.000E+00  0.000E+00
 -1.657  0.000E+00  0.000E+00
 -1.647  0.000E+00  0.000E+00
 -1.637  0.000E+00  0.000E+00
 -1.627  0.000E+00  0.000E+00
 -1.617  0.000E+00  0.000E+00
 -1.607  0.000E+00  0.000E+00
 -1.597  0.000E+00  0.000E+00
 -1.587  0.000E+00  0.000E+00
 -1.577  0.000E+00  0.000E+00
 -1.567  0.000E+00  0.000E+00
 -1.557  0.000E+00  0.000E+00
 -1.547  0.000E+00  0.000E+00
 -1.537  0.000E+00  0.000E+00
 -1.527  0.000E+00  0.000E+00
 -1.517  0.000E+00  0.000E+00
 -1.507  0.000E+00  0.000E+00
 -1.497  0.000E+00  0.000E+00
 -1.487  0.000E+00  0.000E+00
 -1.477  0.000E+00  0.000E+00
 -1.467  0.000E+00  0.000E+00
 -1.457  0.000E+00  0.000E+00
 -1.447  0.000E+00  0.000E+00
 -1.437  0.000E+00  0.000E+00
 -1.427  0.000E+00  0.000E+00
 -1.417  0.000E+00  0.000E+00
 -1.407  0.000E+00  0.000E+00
 -1.397  0.000E+00  0.000E+00
 -1.387  0.000E+00  0.000E+00
 -1.377  0.000E+00  0.000E+00
 -1.367  0.000E+00  0.000E+00
 -1.357  0.000E+00  0.000E+00
 -1.347  0.000E+00  0.000E+00
 -1.337  0.000E+00  0.000E+00
 -1.327  0.000E+00  0.000E+00
 -1.317  0.000E+00  0.000E+00
 -1.307  0.000E+00  0.000E+00
 -1.297  0.000E+00  0.000E+00
 -1.287  0.000E+00  0.000E+00
 -1.277  0.000E+00  0.000E+00
 -1.267  0.000E+00  0.000E+00
 -1.257  0.000E+00  0.000E+00
 -1.247  0.000E+00  0.000E+00
 -1.237  0.000E+00  0.000E+00
 -1.227  0.000E+00  0.000E+00
 -1.217  0.000E+00  0.000E+00
 -1.207  0.000E+00  0.000E+00
 -1.197  0.000E+00  0.000E+00
 -1.187  0.000E+00  0.000E+00
 -1.177  0.000E+00  0.000E+00
 -1.167  0.000E+00  0.000E+00
 -1.157  0.000E+00  0.000E+00
 -1.147  0.000E+00  0.000E+00
 -1.137  0.000E+00  0.000E+00
 -1.127  0.000E+00  0.000E+00
 -1.117  0.000E+00  0.000E+00
 -1.107  0.000E+00  0.000E+00
 -1.097  0.000E+00  0.000E+00
 -1.087  0.000E+00  0.000E+00
 -1.077  0.000E+00  0.000E+00
 -1.067  0.000E+00  0.000E+00
 -1.057  0.000E+00  0.000E+00
 -1.047  0.000E+00  0.000E+00
 -1.037  0.000E+00  0.000E+00
 -1.027  0.000E+00  0.000E+00
 -1.017  0.000E+00  0.000E+00
 -1.007  0.000E+00  0.000E+00
 -0.997  0.000E+00  0.000E+00
 -0.987  0.000E+00  0.000E+00
 -0.977  0.000E+00  0.000E+00
 -0.967  0.000E+00  0.000E+00
 -0.957  0.000E+00  0.000E+00
 -0.947  0.000E+00  0.000E+00
 -0.937  0.000E+00  0.000E+00
 -0.927  0.000E+00  0.000E+00
 -0.917  0.000E+00  0.000E+00
 -0.907  0.000E+00  0.000E+00
 -0.897  0.000E+00  0.000E+00
 -0.887  0.000E+00  0.000E+00
 -0.877  0.000E+00  0.000E+00
 -0.867  0.000E+00  0.000E+00
 -0.857  0.000E+00  0.000E+00
 -0.847  0.000E+00  0.000E+00
 -0.837  0.000E+00  0.000E+00
 -0.827  0.000E+00  0.000E+00
 -0.817  0.000E+00  0.000E+00
 -0.807  0.000E+00  0.000E+00
 -0.797  0.000E+00  0.000E+00
 -0.787  0.000E+00  0.000E+00
 -0.777  0.000E+00  0.000E+00
 -0.767  0.000E+00  0.000E+00
 -0.757  0.000E+00  0.000E+00
 -0.747  0.000E+00  0.000E+00
 -0.737  0.000E+00  0.000E+00
 -0.727  0.000E+00  0.000E+00
 -0.717  0.000E+00  0.000E+00
 -0.707  0.000E+00  0.000E+00
 -0.697  0.000E+00  0.000E+00
 -0.687  0.000E+00  0.000E+00
 -0.677  0.000E+00  0.000E+00
 -0.667  0.000E+00  0.000E+00
 -0.657  0.000E+00  0.000E+00
 -0.647  0.000E+00  0.000E+00
 -0.637  0.000E+00  0.000E+00
 -0.627  0.000E+00  0.000E+00
 -0.617  0.000E+00  0.000E+00
 -0.607  0.000E+00  0.000E+00
 -0.597  0.000E+00  0.000E+00
 -0.587  0.000E+00  0.000E+00
 -0.577  0.000E+00  0.000E+00
 -0.567  0.000E+00  0.000E+00
 -0.557  0.000E+00  0.000E+00
 -0.547  0.000E+00  0.000E+00
 -0.537  0.000E+00  0.000E+00
 -0.527  0.000E+00  0.000E+00
 -0.517  0.000E+00  0.000E+00
 -0.507  0.000E+00  0.000E+00
 -0.497  0.000E+00  0.000E+00
 -0.487  0.000E+00  0.000E+00
 -0.477  0.000E+00  0.000E+00
 -0.467  0.000E+00  0.000E+00
 -0.457  0.000E+00  0.000E+00
 -0.447  0.000E+00  0.000E+00
 -0.437  0.000E+00  0.000E+00
 -0.427  0.000E+00  0.000E+00
 -0.417  0.000E+00  0.000E+00
 -0.407  0.000E+00  0.000E+00
 -0.397  0.000E+00  0.000E+00
 -0.387  0.000E+00  0.000E+00
 -0.377  0.000E+00  0.000E+00
 -0.367  0.000E+00  0.000E+00
 -0.357  0.000E+00  0.000E+00
 -0.347  0.000E+00  0.000E+00
 -0.337  0.000E+00  0.000E+00
 -0.327  0.000E+00  0.000E+00
 -0.317  0.000E+00  0.000E+00
 -0.307  0.000E+00  0.000E+00
 -0.297  0.000E+00  0.000E+00
 -0.287  0.000E+00  0.000E+00
 -0.277  0.000E+00  0.000E+00
 -0.267  0.000E+00  0.000E+00
 -0.257  0.000E+00  0.000E+00
 -0.247  0.000E+00  0.000E+00
 -0.237  0.000E+00  0.000E+00
 -0.227  0.000E+00  0.000E+00
 -0.217  0.000E+00  0.000E+00
 -0.207  0.000E+00  0.000E+00
 -0.197  0.000E+00  0.000E+00
 -0.187  0.000E+00  0.000E+00
 -0.177  0.000E+00  0.000E+00
 -0.167  0.000E+00  0.000E+00
 -0.157  0.000E+00  0.000E+00
 -0.147  0.000E+00  0.000E+00
 -0.137  0.000E+00  0.000E+00
 -0.127  0.000E+00  0.000E+00
 -0.117  0.000E+00  0.000E+00
 -0.107  0.000E+00  0.000E+00
 -0.097  0.000E+00  0.000E+00
 -0.087  0.000E+00  0.000E+00
 -0.077  0.000E+00  0.000E+00
 -0.067  0.000E+00  0.000E+00
 -0.057  0.000E+00  0.000E+00
 -0.047  0.000E+00  0.000E+00
 -0.037  0.000E+00  0.000E+00
 -0.027  0.000E+00  0.000E+00
 -0.017  0.000E+00  0.000E+00
 -0.007  0.000E+00  0.000E+00
  0.003  0.000E+00  0.000E+00
  0.013  0.000E+00  0.000E+00
  0.023  0.000E+00  0.000E+00
  0.033  0.000E+00  0.000E+00
  0.043  0.000E+00  0.000E+00
  0.053  0.000E+00  0.000E+00
  0.063  0.000E+00  0.000E+00
  0.073  0.000E+00  0.000E+00
  0.083  0.000E+00  0.000E+00
  0.093  0.000E+00  0.000E+00
  0.103  0.000E+00  0.000E+00
  0.113  0.000E+00  0.000E+00
  0.123  0.000E+00  0.000E+00
  0.133  0.000E+00  0.000E+00
  0.143  0.000E+00  0.000E+00
  0.153  0.000E+00  0.000E+00
  0.163  0.000E+00  0.000E+00
  0.173  0.000E+00  0.000E+00
  0.183  0.000E+00  0.000E+00
  0.193  0.000E+00  0.000E+00
  0.203  0.000E+00  0.000E+00
  0.213  0.000E+00  0.000E+00
  0.223  0.000E+00  0.000E+00
  0.233  0.000E+00  0.000E+00
  0.243  0.000E+00  0.000E+00
  0.253  0.000E+00  0.000E+00
  0.263  0.000E+00  0.000E+00
  0.273  0.000E+00  0.000E+00
  0.283  0.000E+00  0.000E+00
  0.293  0.000E+00  0.000E+00
  0.303  0.000E+00  0.000E+00
  0.313  0.000E+00  0.000E+00
  0.323  0.000E+00  0.000E+00
  0.333  0.000E+00  0.000E+00
  0.343  0.000E+00  0.000E+00
  0.353  0.000E+00  0.000E+00
  0.363  0.000E+00  0.000E+00
  0.373  0.000E+00  0.000E+00
  0.383  0.000E+00  0.000E+00
  0.393  0.000E+00  0.000E+00
  0.403  0.000E+00  0.000E+00
  0.413  0.000E+00  0.000E+00
  0.423  0.000E+00  0.000E+00
  0.433  0.000E+00  0.000E+00
  0.443  0.000E+00  0.000E+00
  0.453  0.000E+00  0.000E+00
  0.463  0.000E+00  0.000E+00
  0.473  0.000E+00  0.000E+00
  0.483  0.000E+00  0.000E+00
  0.493  0.205E+02  0.204E+02
  0.503  0.113E+02  0.113E+02
  0.513  0.663E+01  0.664E+01
  0.523  0.483E+01  0.484E+01
  0.533  0.000E+00  0.000E+00
  0.543  0.000E+00  0.000E+00
  0.553  0.000E+00  0.000E+00
  0.563  0.000E+00  0.000E+00
  0.573  0.000E+00  0.000E+00
  0.583  0.000E+00  0.000E+00
  0.593  0.000E+00  0.000E+00
  0.603  0.000E+00  0.000E+00
  0.613  0.000E+00  0.000E+00
  0.623  0.000E+00  0.000E+00
  0.633  0.000E+00  0.000E+00
  0.643  0.000E+00  0.000E+00
  0.653  0.000E+00  0.000E+00
  0.663  0.000E+00  0.000E+00
  0.673  0.000E+00  0.000E+00
  0.683  0.000E+00  0.000E+00
  0.693  0.000E+00  0.000E+00
  0.703  0.000E+00  0.000E+00
  0.713  0.000E+00  0.000E+00
  0.723  0.000E+00  0.000E+00
  0.733  0.000E+00  0.000E+00
  0.743  0.000E+00  0.000E+00
  0.753  0.000E+00  0.000E+00
  0.763  0.000E+00  0.000E+00
  0.773  0.000E+00  0.000E+00
  0.783  0.000E+00  0.000E+00
  0.793  0.000E+00  0.000E+00
  0.803  0.000E+00  0.000E+00
  0.813  0.000E+00  0.000E+00
  0.823  0.000E+00  0.000E+00
  0.833  0.000E+00  0.000E+00
  0.843  0.000E+00  0.000E+00
  0.853  0.000E+00  0.000E+00
  0.863  0.000E+00  0.000E+00
  0.873  0.000E+00  0.000E+00
  0.883  0.000E+00  0.000E+00
  0.893  0.000E+00  0.000E+00
  0.903  0.000E+00  0.000E+00
  0.913  0.000E+00  0.000E+00
  0.923  0.000E+00  0.000E+00
  0.933  0.000E+00  0.000E+00
  0.943  0.000E+00  0.000E+00
  0.953  0.000E+00  0.000E+00
  0.963  0.000E+00  0.000E+00
  0.973  0.000E+00  0.000E+00
  0.983  0.000E+00  0.000E+00
  0.993  0.000E+00  0.000E+00
  1.003  0.000E+00  0.000E+00
  1.013  0.000E+00  0.000E+00
  1.023  0.000E+00  0.000E+00
  1.033  0.000E+00  0.000E+00
  1.043  0.000E+00  0.000E+00
  1.053  0.000E+00  0.000E+00
  1.063  0.000E+00  0.000E+00
  1.073  0.000E+00  0.000E+00
  1.083  0.000E+00  0.000E+00
  1.093  0.000E+00  0.000E+00
  1.103  0.000E+00  0.000E+00
  1.113  0.000E+00  0.000E+00
  1.123  0.000E+00  0.000E+00
  1.133  0.000E+00  0.000E+00
  1.143  0.000E+00  0.000E+00
  1.153  0.000E+00  0.000E+00
  1.163  0.000E+00  0.000E+00
  1.173  0.000E+00  0.000E+00
  1.183  0.000E+00  0.000E+00
  1.193  0.000E+00  0.000E+00
  1.203  0.000E+00  0.000E+00
  1.213  0.000E+00  0.000E+00
  1.223  0.000E+00  0.000E+00
  1.233  0.000E+00  0.000E+00
  1.243  0.000E+00  0.000E+00
  1.253  0.000E+00  0.000E+00
  1.263  0.000E+00  0.000E+00
  1.273  0.000E+00  0.000E+00
  1.283  0.000E+00  0.000E+00
  1.293  0.000E+00  0.000E+00
  1.303  0.000E+00  0.000E+00
  1.313  0.000E+00  0.000E+00
  1.323  0.000E+00  0.000E+00
  1.333  0.000E+00  0.000E+00
  1.343  0.000E+00  0.000E+00
  1.353  0.000E+00  0.000E+00
  1.363  0.000E+00  0.000E+00
  1.373  0.000E+00  0.000E+00
  1.383  0.000E+00  0.000E+00
  1.393  0.000E+00  0.000E+00
  1.403  0.000E+00  0.000E+00
  1.413  0.000E+00  0.000E+00
  1.423  0.000E+00  0.000E+00
  1.433  0.000E+00  0.000E+00
  1.443  0.000E+00  0.000E+00
  1.453  0.000E+00  0.000E+00
  1.463  0.000E+00  0.000E+00
  1.473  0.000E+00  0.000E+00
  1.483  0.000E+00  0.000E+00
  1.493  0.000E+00  0.000E+00
  1.503  0.000E+00  0.000E+00
  1.513  0.000E+00  0.000E+00
  1.523  0.000E+00  0.000E+00
  1.533  0.000E+00  0.000E+00
  1.543  0.000E+00  0.000E+00
  1.553  0.000E+00  0.000E+00
  1.563  0.000E+00  0.000E+00
  1.573  0.000E+00  0.000E+00
  1.583  0.000E+00  0.000E+00
  1.593  0.000E+00  0.000E+00
  1.603  0.000E+00  0.000E+00
  1.613  0.000E+00  0.000E+00
  1.623  0.000E+00  0.000E+00
  1.633  0.000E+00  0.000E+00
  1.643  0.000E+00  0.000E+00
  1.653  0.000E+00  0.000E+00
  1.663  0.000E+00  0.000E+00
  1.673  0.000E+00  0.000E+00
  1.683  0.000E+00  0.000E+00
  1.693  0.000E+00  0.000E+00
  1.703  0.000E+00  0.000E+00
  1.713  0.000E+00  0.000E+00
  1.723  0.000E+00  0.000E+00
  1.733  0.000E+00  0.000E+00
  1.743  0.000E+00  0.000E+00
  1.753  0.000E+00  0.000E+00
  1.763  0.000E+00  0.000E+00
  1.773  0.000E+00  0.000E+00
  1.783  0.000E+00  0.000E+00
  1.793  0.000E+00  0.000E+00
  1.803  0.000E+00  0.000E+00
  1.813  0.000E+00  0.000E+00
  1.823  0.000E+00  0.000E+00
  1.833  0.000E+00  0.000E+00
  1.843  0.000E+00  0.000E+00
  1.853  0.000E+00  0.000E+00
  1.863  0.000E+00  0.000E+00
  1.873  0.000E+00  0.000E+00
  1.883  0.000E+00  0.000E+00
  1.893  0.000E+00  0.000E+00
  1.903  0.000E+00  0.000E+00
  1.913  0.000E+00  0.000E+00
  1.923  0.000E+00  0.000E+00
  1.933  0.000E+00  0.000E+00
  1.943  0.000E+00  0.000E+00
  1.953  0.000E+00  0.000E+00
  1.963  0.000E+00  0.000E+00
  1.973  0.000E+00  0.000E+00
  1.983  0.000E+00  0.000E+00
  1.993  0.000E+00  0.000E+00
  2.003  0.000E+00  0.000E+00
  2.013  0.000E+00  0.000E+00
  2.023  0.000E+00  0.000E+00
  2.033  0.000E+00  0.000E+00
  2.043  0.000E+00  0.000E+00
  2.053  0.000E+00  0.000E+00
  2.063  0.000E+00  0.000E+00
  2.073  0.000E+00  0.000E+00
  2.083  0.000E+00  0.000E+00
  2.093  0.000E+00  0.000E+00
  2.103  0.000E+00  0.000E+00
  2.113  0.000E+00  0.000E+00
  2.123  0.000E+00  0.000E+00
  2.133  0.000E+00  0.000E+00
  2.143  0.000E+00  0.000E+00
  2.153  0.000E+00  0.000E+00
  2.163  0.000E+00  0.000E+00
  2.173  0.000E+00  0.000E+00
  2.183  0.000E+00  0.000E+00
  2.193  0.000E+00  0.000E+00
  2.203  0.000E+00  0.000E+00
  2.213  0.000E+00  0.000E+00
  2.223  0.000E+00  0.000E+00
  2.233  0.000E+00  0.000E+00
  2.243  0.584E-01  0.584E-01
  2.253  0.200E+00  0.200E+00
  2.263  0.328E+00  0.328E+00
  2.273  0.474E+00  0.474E+00
  2.283  0.637E+00  0.637E+00
  2.293  0.817E+00  0.817E+00
  2.303  0.102E+01  0.102E+01
  2.313  0.124E+01  0.124E+01
  2.323  0.149E+01  0.149E+01
  2.333  0.183E+01  0.183E+01
  2.343  0.231E+01  0.231E+01
  2.353  0.298E+01  0.298E+01
  2.363  0.420E+01  0.420E+01
  2.373  0.496E+01  0.496E+01
  2.383  0.517E+01  0.517E+01
  2.393  0.506E+01  0.506E+01
  2.403  0.503E+01  0.503E+01
  2.413  0.505E+01  0.505E+01
  2.423  0.505E+01  0.505E+01
  2.433  0.463E+01  0.463E+01
  2.443  0.343E+01  0.343E+01
  2.453  0.330E+01  0.330E+01
  2.463  0.331E+01  0.331E+01
  2.473  0.363E+01  0.363E+01
  2.483  0.393E+01  0.393E+01
  2.493  0.429E+01  0.429E+01
  2.503  0.445E+01  0.445E+01
  2.513  0.475E+01  0.474E+01
  2.523  0.541E+01  0.541E+01
  2.533  0.875E+01  0.875E+01
  2.543  0.106E+02  0.106E+02
  2.553  0.101E+02  0.101E+02
  2.563  0.715E+01  0.715E+01
  2.573  0.658E+01  0.658E+01
  2.583  0.607E+01  0.607E+01
  2.593  0.555E+01  0.555E+01
  2.603  0.472E+01  0.472E+01
  2.613  0.556E+01  0.556E+01
  2.623  0.137E+01  0.137E+01
  2.633  0.000E+00  0.000E+00
  2.643  0.000E+00  0.000E+00
  2.653  0.736E-01  0.736E-01
  2.663  0.356E+00  0.356E+00
  2.673  0.862E+00  0.862E+00
  2.683  0.152E+01  0.152E+01
  2.693  0.214E+01  0.214E+01
  2.703  0.250E+01  0.250E+01
  2.713  0.266E+01  0.266E+01
  2.723  0.278E+01  0.278E+01
  2.733  0.280E+01  0.280E+01
  2.743  0.312E+01  0.312E+01
  2.753  0.496E+01  0.496E+01
  2.763  0.532E+01  0.532E+01
  2.773  0.596E+01  0.596E+01
  2.783  0.653E+01  0.653E+01
  2.793  0.774E+01  0.774E+01
  2.803  0.932E+01  0.932E+01
  2.813  0.997E+01  0.997E+01
  2.823  0.106E+02  0.106E+02
  2.833  0.124E+02  0.124E+02
  2.843  0.128E+02  0.128E+02
  2.853  0.782E+01  0.782E+01
  2.863  0.767E+01  0.767E+01
  2.873  0.675E+01  0.675E+01
  2.883  0.841E+01  0.841E+01
  2.893  0.816E+01  0.816E+01
  2.903  0.105E+02  0.105E+02
  2.913  0.912E+01  0.912E+01
  2.923  0.107E+02  0.107E+02
  2.933  0.106E+02  0.106E+02
  2.943  0.103E+02  0.103E+02
  2.953  0.106E+02  0.106E+02
  2.963  0.122E+02  0.122E+02
  2.973  0.116E+02  0.116E+02
  2.983  0.116E+02  0.116E+02
  2.993  0.128E+02  0.128E+02
  3.003  0.126E+02  0.126E+02
  3.013  0.124E+02  0.124E+02
  3.023  0.120E+02  0.120E+02
  3.033  0.136E+02  0.136E+02
  3.043  0.141E+02  0.141E+02
  3.053  0.147E+02  0.147E+02
  3.063  0.155E+02  0.155E+02
  3.073  0.158E+02  0.158E+02
  3.083  0.155E+02  0.155E+02
  3.093  0.154E+02  0.154E+02
  3.103  0.162E+02  0.162E+02
  3.113  0.171E+02  0.171E+02
  3.123  0.177E+02  0.177E+02
  3.133  0.172E+02  0.172E+02
  3.143  0.163E+02  0.163E+02
  3.153  0.157E+02  0.157E+02
  3.163  0.146E+02  0.146E+02
  3.173  0.146E+02  0.146E+02
  3.183  0.160E+02  0.160E+02
  3.193  0.169E+02  0.169E+02
  3.203  0.162E+02  0.162E+02
  3.213  0.161E+02  0.161E+02
  3.223  0.157E+02  0.157E+02
  3.233  0.144E+02  0.144E+02
  3.243  0.201E+02  0.201E+02
  3.253  0.213E+02  0.213E+02
  3.263  0.196E+02  0.196E+02
  3.273  0.210E+02  0.210E+02
  3.283  0.202E+02  0.202E+02
  3.293  0.199E+02  0.199E+02
  3.303  0.207E+02  0.207E+02
  3.313  0.211E+02  0.211E+02
  3.323  0.187E+02  0.187E+02
  3.333  0.191E+02  0.191E+02
  3.343  0.202E+02  0.202E+02
  3.353  0.206E+02  0.206E+02
  3.363  0.195E+02  0.195E+02
  3.373  0.183E+02  0.183E+02
  3.383  0.189E+02  0.189E+02
  3.393  0.192E+02  0.192E+02
  3.403  0.190E+02  0.190E+02
  3.413  0.201E+02  0.201E+02
  3.423  0.203E+02  0.203E+02
  3.433  0.200E+02  0.200E+02
  3.443  0.203E+02  0.203E+02
  3.453  0.202E+02  0.202E+02
  3.463  0.181E+02  0.181E+02
  3.473  0.153E+02  0.153E+02
  3.483  0.162E+02  0.162E+02
  3.493  0.167E+02  0.167E+02
  3.503  0.172E+02  0.172E+02
  3.513  0.143E+02  0.143E+02
  3.523  0.142E+02  0.142E+02
  3.533  0.175E+02  0.175E+02
  3.543  0.148E+02  0.148E+02
  3.553  0.155E+02  0.155E+02
  3.563  0.159E+02  0.159E+02
  3.573  0.177E+02  0.177E+02
  3.583  0.166E+02  0.166E+02
  3.593  0.160E+02  0.160E+02
  3.603  0.141E+02  0.141E+02
  3.613  0.131E+02  0.131E+02
  3.623  0.124E+02  0.124E+02
  3.633  0.123E+02  0.123E+02
  3.643  0.142E+02  0.142E+02
  3.653  0.134E+02  0.134E+02
  3.663  0.126E+02  0.126E+02
  3.673  0.119E+02  0.119E+02
  3.683  0.113E+02  0.113E+02
  3.693  0.104E+02  0.104E+02
  3.703  0.105E+02  0.105E+02
  3.713  0.954E+01  0.954E+01
  3.723  0.879E+01  0.879E+01
  3.733  0.969E+01  0.969E+01
  3.743  0.926E+01  0.926E+01
  3.753  0.834E+01  0.834E+01
  3.763  0.916E+01  0.916E+01
  3.773  0.936E+01  0.936E+01
  3.783  0.677E+01  0.677E+01
  3.793  0.599E+01  0.599E+01
  3.803  0.790E+01  0.790E+01
  3.813  0.111E+02  0.111E+02
  3.823  0.118E+02  0.118E+02
  3.833  0.135E+02  0.135E+02
  3.843  0.181E+02  0.181E+02
  3.853  0.137E+02  0.137E+02
  3.863  0.104E+02  0.104E+02
  3.873  0.989E+01  0.989E+01
  3.883  0.869E+01  0.869E+01
  3.893  0.905E+01  0.905E+01
  3.903  0.978E+01  0.978E+01
  3.913  0.962E+01  0.962E+01
  3.923  0.977E+01  0.977E+01
  3.933  0.955E+01  0.955E+01
  3.943  0.956E+01  0.956E+01
  3.953  0.956E+01  0.956E+01
  3.963  0.964E+01  0.964E+01
  3.973  0.976E+01  0.976E+01
  3.983  0.994E+01  0.994E+01
  3.993  0.952E+01  0.952E+01
  4.003  0.119E+02  0.119E+02
  4.013  0.127E+02  0.127E+02
  4.023  0.119E+02  0.119E+02
  4.033  0.112E+02  0.112E+02
  4.043  0.105E+02  0.105E+02
  4.053  0.124E+02  0.124E+02
  4.063  0.132E+02  0.132E+02
  4.073  0.112E+02  0.112E+02
  4.083  0.101E+02  0.101E+02
  4.093  0.935E+01  0.935E+01
  4.103  0.117E+02  0.117E+02
  4.113  0.167E+02  0.167E+02
  4.123  0.965E+01  0.965E+01
  4.133  0.802E+01  0.802E+01
  4.143  0.775E+01  0.775E+01
  4.153  0.970E+01  0.970E+01
  4.163  0.134E+02  0.134E+02
  4.173  0.115E+02  0.115E+02
  4.183  0.898E+01  0.898E+01
  4.193  0.743E+01  0.743E+01
  4.203  0.693E+01  0.693E+01
  4.213  0.703E+01  0.703E+01
  4.223  0.762E+01  0.762E+01
  4.233  0.819E+01  0.819E+01
  4.243  0.881E+01  0.881E+01
  4.253  0.924E+01  0.924E+01
  4.263  0.935E+01  0.935E+01
  4.273  0.904E+01  0.904E+01
  4.283  0.929E+01  0.929E+01
  4.293  0.931E+01  0.931E+01
  4.303  0.844E+01  0.844E+01
  4.313  0.759E+01  0.759E+01
  4.323  0.705E+01  0.705E+01
  4.333  0.684E+01  0.684E+01
  4.343  0.775E+01  0.775E+01
  4.353  0.652E+01  0.652E+01
  4.363  0.626E+01  0.626E+01
  4.373  0.647E+01  0.647E+01
  4.383  0.802E+01  0.802E+01
  4.393  0.756E+01  0.756E+01
  4.403  0.675E+01  0.675E+01
  4.413  0.597E+01  0.597E+01
  4.423  0.539E+01  0.539E+01
  4.433  0.611E+01  0.611E+01
  4.443  0.628E+01  0.628E+01
  4.453  0.636E+01  0.636E+01
  4.463  0.603E+01  0.603E+01
  4.473  0.596E+01  0.596E+01
  4.483  0.580E+01  0.580E+01
  4.493  0.601E+01  0.601E+01
  4.503  0.634E+01  0.634E+01
  4.513  0.682E+01  0.682E+01
  4.523  0.769E+01  0.769E+01
  4.533  0.759E+01  0.759E+01
  4.543  0.723E+01  0.723E+01
  4.553  0.786E+01  0.786E+01
  4.563  0.737E+01  0.737E+01
  4.573  0.733E+01  0.733E+01
  4.583  0.742E+01  0.742E+01
  4.593  0.731E+01  0.731E+01
  4.603  0.726E+01  0.726E+01
  4.613  0.734E+01  0.734E+01
  4.623  0.759E+01  0.759E+01
  4.633  0.786E+01  0.786E+01
  4.643  0.819E+01  0.819E+01
  4.653  0.848E+01  0.848E+01
  4.663  0.872E+01  0.872E+01
  4.673  0.822E+01  0.822E+01
  4.683  0.812E+01  0.812E+01
  4.693  0.805E+01  0.805E+01
  4.703  0.786E+01  0.786E+01
  4.713  0.760E+01  0.760E+01
  4.723  0.747E+01  0.747E+01
  4.733  0.777E+01  0.777E+01
  4.743  0.806E+01  0.806E+01
  4.753  0.839E+01  0.839E+01
  4.763  0.842E+01  0.842E+01
  4.773  0.842E+01  0.842E+01
  4.783  0.830E+01  0.830E+01
  4.793  0.806E+01  0.806E+01
  4.803  0.789E+01  0.789E+01
  4.813  0.770E+01  0.770E+01
  4.823  0.837E+01  0.837E+01
  4.833  0.911E+01  0.911E+01
  4.843  0.812E+01  0.812E+01
  4.853  0.782E+01  0.782E+01
  4.863  0.757E+01  0.757E+01
  4.873  0.734E+01  0.734E+01
  4.883  0.714E+01  0.714E+01
  4.893  0.701E+01  0.701E+01
  4.903  0.691E+01  0.691E+01
  4.913  0.684E+01  0.684E+01
  4.923  0.679E+01  0.679E+01
  4.933  0.682E+01  0.682E+01
  4.943  0.700E+01  0.700E+01
  4.953  0.716E+01  0.716E+01
  4.963  0.731E+01  0.731E+01
  4.973  0.750E+01  0.750E+01
  4.983  0.775E+01  0.775E+01
  4.993  0.830E+01  0.830E+01
  5.003  0.798E+01  0.798E+01
  5.013  0.800E+01  0.800E+01
  5.023  0.814E+01  0.814E+01
  5.033  0.875E+01  0.875E+01
  5.043  0.931E+01  0.931E+01
  5.053  0.985E+01  0.985E+01
  5.063  0.102E+02  0.102E+02
  5.073  0.101E+02  0.101E+02
  5.083  0.108E+02  0.108E+02
  5.093  0.112E+02  0.112E+02
  5.103  0.114E+02  0.114E+02
  5.113  0.115E+02  0.115E+02
  5.123  0.117E+02  0.117E+02
  5.133  0.120E+02  0.120E+02
  5.143  0.116E+02  0.116E+02
  5.153  0.112E+02  0.112E+02
  5.163  0.116E+02  0.116E+02
  5.173  0.120E+02  0.120E+02
  5.183  0.119E+02  0.119E+02
  5.193  0.118E+02  0.118E+02
  5.203  0.117E+02  0.117E+02
  5.213  0.121E+02  0.121E+02
  5.223  0.129E+02  0.129E+02
  5.233  0.133E+02  0.133E+02
  5.243  0.123E+02  0.123E+02
  5.253  0.116E+02  0.116E+02
  5.263  0.106E+02  0.106E+02
  5.273  0.104E+02  0.104E+02
  5.283  0.106E+02  0.106E+02
  5.293  0.109E+02  0.109E+02
  5.303  0.124E+02  0.124E+02
  5.313  0.132E+02  0.132E+02
  5.323  0.136E+02  0.136E+02
  5.333  0.135E+02  0.135E+02
  5.343  0.134E+02  0.134E+02
  5.353  0.133E+02  0.133E+02
  5.363  0.133E+02  0.133E+02
  5.373  0.129E+02  0.129E+02
  5.383  0.135E+02  0.135E+02
  5.393  0.131E+02  0.131E+02
  5.403  0.122E+02  0.122E+02
  5.413  0.123E+02  0.123E+02
  5.423  0.122E+02  0.122E+02
  5.433  0.125E+02  0.125E+02
  5.443  0.127E+02  0.127E+02
  5.453  0.115E+02  0.115E+02
  5.463  0.114E+02  0.114E+02
  5.473  0.114E+02  0.114E+02
  5.483  0.112E+02  0.112E+02
  5.493  0.113E+02  0.113E+02
  5.503  0.115E+02  0.115E+02
  5.513  0.117E+02  0.117E+02
  5.523  0.121E+02  0.121E+02
  5.533  0.123E+02  0.123E+02
  5.543  0.117E+02  0.117E+02
  5.553  0.118E+02  0.118E+02
  5.563  0.120E+02  0.120E+02
  5.573  0.124E+02  0.124E+02
  5.583  0.122E+02  0.122E+02
  5.593  0.120E+02  0.120E+02
  5.603  0.118E+02  0.118E+02
  5.613  0.117E+02  0.117E+02
  5.623  0.118E+02  0.118E+02
  5.633  0.119E+02  0.119E+02
  5.643  0.120E+02  0.120E+02
  5.653  0.120E+02  0.120E+02
  5.663  0.124E+02  0.124E+02
  5.673  0.123E+02  0.123E+02
  5.683  0.123E+02  0.123E+02
  5.693  0.124E+02  0.124E+02
  5.703  0.125E+02  0.125E+02
  5.713  0.127E+02  0.127E+02
  5.723  0.131E+02  0.131E+02
  5.733  0.136E+02  0.136E+02
  5.743  0.139E+02  0.139E+02
  5.753  0.141E+02  0.141E+02
  5.763  0.140E+02  0.140E+02
  5.773  0.137E+02  0.137E+02
  5.783  0.139E+02  0.139E+02
  5.793  0.137E+02  0.137E+02
  5.803  0.137E+02  0.137E+02
  5.813  0.141E+02  0.141E+02
  5.823  0.147E+02  0.147E+02
  5.833  0.136E+02  0.136E+02
  5.843  0.127E+02  0.127E+02
  5.853  0.122E+02  0.122E+02
  5.863  0.123E+02  0.123E+02
  5.873  0.126E+02  0.126E+02
  5.883  0.127E+02  0.127E+02
  5.893  0.126E+02  0.126E+02
  5.903  0.131E+02  0.131E+02
  5.913  0.130E+02  0.130E+02
  5.923  0.131E+02  0.131E+02
  5.933  0.132E+02  0.132E+02
  5.943  0.132E+02  0.132E+02
  5.953  0.138E+02  0.138E+02
  5.963  0.140E+02  0.140E+02
  5.973  0.140E+02  0.140E+02
  5.983  0.144E+02  0.144E+02
  5.993  0.155E+02  0.155E+02
  6.003  0.157E+02  0.157E+02
  6.013  0.155E+02  0.155E+02
  6.023  0.157E+02  0.157E+02
  6.033  0.157E+02  0.157E+02
  6.043  0.160E+02  0.160E+02
  6.053  0.157E+02  0.157E+02
  6.063  0.156E+02  0.156E+02
  6.073  0.157E+02  0.157E+02
  6.083  0.157E+02  0.157E+02
  6.093  0.155E+02  0.155E+02
  6.103  0.156E+02  0.156E+02
  6.113  0.149E+02  0.149E+02
  6.123  0.155E+02  0.155E+02
  6.133  0.159E+02  0.159E+02
  6.143  0.141E+02  0.141E+02
  6.153  0.140E+02  0.140E+02
  6.163  0.147E+02  0.147E+02
  6.173  0.140E+02  0.140E+02
  6.183  0.134E+02  0.134E+02
  6.193  0.135E+02  0.135E+02
  6.203  0.149E+02  0.149E+02
  6.213  0.151E+02  0.151E+02
  6.223  0.151E+02  0.151E+02
  6.233  0.144E+02  0.144E+02
  6.243  0.164E+02  0.164E+02
  6.253  0.149E+02  0.149E+02
  6.263  0.161E+02  0.161E+02
  6.273  0.171E+02  0.171E+02
  6.283  0.165E+02  0.165E+02
  6.293  0.148E+02  0.148E+02
  6.303  0.148E+02  0.148E+02
  6.313  0.150E+02  0.150E+02
  6.323  0.150E+02  0.150E+02
  6.333  0.150E+02  0.150E+02
  6.343  0.155E+02  0.155E+02
  6.353  0.165E+02  0.165E+02
  6.363  0.177E+02  0.177E+02
  6.373  0.180E+02  0.180E+02
  6.383  0.171E+02  0.171E+02
  6.393  0.168E+02  0.168E+02
  6.403  0.157E+02  0.157E+02
  6.413  0.165E+02  0.165E+02
  6.423  0.164E+02  0.164E+02
  6.433  0.163E+02  0.163E+02
  6.443  0.174E+02  0.174E+02
  6.453  0.149E+02  0.149E+02
  6.463  0.158E+02  0.158E+02
  6.473  0.168E+02  0.168E+02
  6.483  0.184E+02  0.184E+02
  6.493  0.189E+02  0.189E+02
  6.503  0.198E+02  0.198E+02
  6.513  0.198E+02  0.198E+02
  6.523  0.183E+02  0.183E+02
  6.533  0.184E+02  0.184E+02
  6.543  0.187E+02  0.187E+02
  6.553  0.180E+02  0.180E+02
  6.563  0.191E+02  0.191E+02
  6.573  0.198E+02  0.198E+02
  6.583  0.197E+02  0.197E+02
  6.593  0.196E+02  0.196E+02
  6.603  0.204E+02  0.204E+02
  6.613  0.217E+02  0.217E+02
  6.623  0.220E+02  0.220E+02
  6.633  0.223E+02  0.223E+02
  6.643  0.222E+02  0.222E+02
  6.653  0.223E+02  0.223E+02
  6.663  0.230E+02  0.230E+02
  6.673  0.220E+02  0.220E+02
  6.683  0.213E+02  0.213E+02
  6.693  0.203E+02  0.203E+02
  6.703  0.198E+02  0.198E+02
  6.713  0.208E+02  0.208E+02
  6.723  0.201E+02  0.201E+02
  6.733  0.218E+02  0.218E+02
  6.743  0.178E+02  0.178E+02
  6.753  0.191E+02  0.191E+02
  6.763  0.215E+02  0.215E+02
  6.773  0.223E+02  0.223E+02
  6.783  0.221E+02  0.221E+02
  6.793  0.204E+02  0.204E+02
  6.803  0.217E+02  0.217E+02
  6.813  0.238E+02  0.238E+02
  6.823  0.241E+02  0.241E+02
  6.833  0.251E+02  0.251E+02
  6.843  0.258E+02  0.258E+02
  6.853  0.242E+02  0.242E+02
  6.863  0.245E+02  0.245E+02
  6.873  0.245E+02  0.245E+02
  6.883  0.236E+02  0.236E+02
  6.893  0.234E+02  0.234E+02
  6.903  0.242E+02  0.242E+02
  6.913  0.244E+02  0.244E+02
  6.923  0.245E+02  0.245E+02
  6.933  0.237E+02  0.237E+02
  6.943  0.241E+02  0.241E+02
  6.953  0.227E+02  0.227E+02
  6.963  0.225E+02  0.225E+02
  6.973  0.230E+02  0.230E+02
  6.983  0.224E+02  0.224E+02
  6.993  0.220E+02  0.220E+02
  7.003  0.223E+02  0.223E+02
  7.013  0.225E+02  0.225E+02
  7.023  0.228E+02  0.228E+02
  7.033  0.234E+02  0.234E+02
  7.043  0.240E+02  0.240E+02
  7.053  0.243E+02  0.243E+02
  7.063  0.243E+02  0.243E+02
  7.073  0.249E+02  0.249E+02
  7.083  0.251E+02  0.251E+02
  7.093  0.247E+02  0.247E+02
  7.103  0.252E+02  0.252E+02
  7.113  0.258E+02  0.258E+02
  7.123  0.279E+02  0.279E+02
  7.133  0.278E+02  0.278E+02
  7.143  0.266E+02  0.266E+02
  7.153  0.267E+02  0.267E+02
  7.163  0.259E+02  0.259E+02
  7.173  0.268E+02  0.268E+02
  7.183  0.285E+02  0.285E+02
  7.193  0.295E+02  0.295E+02
  7.203  0.298E+02  0.298E+02
  7.213  0.294E+02  0.294E+02
  7.223  0.298E+02  0.298E+02
  7.233  0.301E+02  0.301E+02
  7.243  0.294E+02  0.294E+02
  7.253  0.293E+02  0.293E+02
  7.263  0.299E+02  0.299E+02
  7.273  0.305E+02  0.305E+02
  7.283  0.299E+02  0.299E+02
  7.293  0.285E+02  0.285E+02
  7.303  0.281E+02  0.281E+02
  7.313  0.274E+02  0.274E+02
  7.323  0.265E+02  0.265E+02
  7.333  0.273E+02  0.273E+02
  7.343  0.269E+02  0.269E+02
  7.353  0.268E+02  0.268E+02
  7.363  0.261E+02  0.261E+02
  7.373  0.273E+02  0.273E+02
  7.383  0.272E+02  0.272E+02
  7.393  0.331E+02  0.331E+02
  7.403  0.297E+02  0.297E+02
  7.413  0.309E+02  0.309E+02
  7.423  0.310E+02  0.310E+02
  7.433  0.322E+02  0.322E+02
  7.443  0.317E+02  0.317E+02
  7.453  0.307E+02  0.307E+02
  7.463  0.301E+02  0.301E+02
  7.473  0.290E+02  0.290E+02
  7.483  0.286E+02  0.286E+02
  7.493  0.305E+02  0.305E+02
  7.503  0.320E+02  0.320E+02
  7.513  0.328E+02  0.328E+02
  7.523  0.329E+02  0.329E+02
  7.533  0.299E+02  0.299E+02
  7.543  0.267E+02  0.267E+02
  7.553  0.331E+02  0.331E+02
  7.563  0.343E+02  0.343E+02
  7.573  0.297E+02  0.297E+02
  7.583  0.332E+02  0.332E+02
  7.593  0.347E+02  0.347E+02
  7.603  0.343E+02  0.343E+02
  7.613  0.344E+02  0.344E+02
  7.623  0.367E+02  0.367E+02
  7.633  0.378E+02  0.378E+02
  7.643  0.371E+02  0.371E+02
  7.653  0.369E+02  0.369E+02
  7.663  0.362E+02  0.362E+02
  7.673  0.352E+02  0.352E+02
  7.683  0.359E+02  0.359E+02
  7.693  0.358E+02  0.358E+02
  7.703  0.360E+02  0.360E+02
  7.713  0.355E+02  0.355E+02
  7.723  0.361E+02  0.361E+02
  7.733  0.376E+02  0.376E+02
  7.743  0.392E+02  0.392E+02
  7.753  0.409E+02  0.409E+02
  7.763  0.407E+02  0.407E+02
  7.773  0.411E+02  0.411E+02
  7.783  0.422E+02  0.422E+02
  7.793  0.433E+02  0.433E+02
  7.803  0.446E+02  0.446E+02
  7.813  0.444E+02  0.444E+02
  7.823  0.432E+02  0.432E+02
  7.833  0.417E+02  0.417E+02
  7.843  0.410E+02  0.410E+02
  7.853  0.394E+02  0.394E+02
  7.863  0.383E+02  0.383E+02
  7.873  0.370E+02  0.370E+02
  7.883  0.364E+02  0.364E+02
  7.893  0.352E+02  0.352E+02
  7.903  0.348E+02  0.348E+02
  7.913  0.347E+02  0.347E+02
  7.923  0.343E+02  0.343E+02
  7.933  0.341E+02  0.341E+02
  7.943  0.339E+02  0.339E+02
  7.953  0.347E+02  0.347E+02
  7.963  0.344E+02  0.344E+02
  7.973  0.352E+02  0.352E+02
  7.983  0.354E+02  0.354E+02
  7.993  0.343E+02  0.343E+02
  8.003  0.341E+02  0.341E+02
  8.013  0.318E+02  0.318E+02
  8.023  0.311E+02  0.311E+02
  8.033  0.302E+02  0.302E+02
  8.043  0.307E+02  0.307E+02
  8.053  0.305E+02  0.305E+02
  8.063  0.290E+02  0.290E+02
  8.073  0.279E+02  0.279E+02
  8.083  0.275E+02  0.275E+02
  8.093  0.275E+02  0.275E+02
  8.103  0.305E+02  0.305E+02
  8.113  0.308E+02  0.308E+02
  8.123  0.305E+02  0.305E+02
  8.133  0.326E+02  0.326E+02
  8.143  0.335E+02  0.335E+02
  8.153  0.324E+02  0.324E+02
  8.163  0.320E+02  0.320E+02
  8.173  0.312E+02  0.312E+02
  8.183  0.285E+02  0.285E+02
  8.193  0.282E+02  0.282E+02
  8.203  0.284E+02  0.284E+02
  8.213  0.283E+02  0.283E+02
  8.223  0.284E+02  0.284E+02
  8.233  0.267E+02  0.267E+02
  8.243  0.269E+02  0.269E+02
  8.253  0.235E+02  0.235E+02
  8.263  0.201E+02  0.201E+02
  8.273  0.187E+02  0.187E+02
  8.283  0.176E+02  0.176E+02
  8.293  0.189E+02  0.189E+02
  8.303  0.203E+02  0.203E+02
  8.313  0.219E+02  0.219E+02
  8.323  0.240E+02  0.240E+02
  8.333  0.254E+02  0.254E+02
  8.343  0.275E+02  0.275E+02
  8.353  0.266E+02  0.266E+02
  8.363  0.273E+02  0.273E+02
  8.373  0.221E+02  0.221E+02
  8.383  0.190E+02  0.190E+02
  8.393  0.174E+02  0.174E+02
  8.403  0.170E+02  0.170E+02
  8.413  0.176E+02  0.176E+02
  8.423  0.188E+02  0.188E+02
  8.433  0.245E+02  0.245E+02
  8.443  0.262E+02  0.262E+02
  8.453  0.160E+02  0.160E+02
  8.463  0.171E+02  0.171E+02
  8.473  0.192E+02  0.192E+02
  8.483  0.186E+02  0.186E+02
  8.493  0.174E+02  0.174E+02
  8.503  0.171E+02  0.171E+02
  8.513  0.175E+02  0.175E+02
  8.523  0.170E+02  0.170E+02
  8.533  0.166E+02  0.166E+02
  8.543  0.164E+02  0.164E+02
  8.553  0.187E+02  0.187E+02
  8.563  0.173E+02  0.173E+02
  8.573  0.139E+02  0.139E+02
  8.583  0.111E+02  0.111E+02
  8.593  0.120E+02  0.120E+02
  8.603  0.128E+02  0.128E+02
  8.613  0.133E+02  0.133E+02
  8.623  0.177E+02  0.177E+02
  8.633  0.220E+02  0.220E+02
  8.643  0.121E+02  0.121E+02
  8.653  0.177E+02  0.177E+02
  8.663  0.143E+02  0.143E+02
  8.673  0.135E+02  0.135E+02
  8.683  0.137E+02  0.137E+02
  8.693  0.151E+02  0.151E+02
  8.703  0.124E+02  0.124E+02
  8.713  0.104E+02  0.104E+02
  8.723  0.102E+02  0.102E+02
  8.733  0.114E+02  0.114E+02
  8.743  0.118E+02  0.118E+02
  8.753  0.199E+02  0.199E+02
  8.763  0.141E+02  0.141E+02
  8.773  0.131E+02  0.131E+02
  8.783  0.121E+02  0.121E+02
  8.793  0.962E+01  0.962E+01
  8.803  0.939E+01  0.939E+01
  8.813  0.104E+02  0.104E+02
  8.823  0.118E+02  0.118E+02
  8.833  0.151E+02  0.151E+02
  8.843  0.137E+02  0.137E+02
  8.853  0.110E+02  0.110E+02
  8.863  0.879E+01  0.879E+01
  8.873  0.888E+01  0.888E+01
  8.883  0.918E+01  0.918E+01
  8.893  0.952E+01  0.952E+01
  8.903  0.960E+01  0.960E+01
  8.913  0.946E+01  0.946E+01
  8.923  0.943E+01  0.943E+01
  8.933  0.926E+01  0.926E+01
  8.943  0.912E+01  0.912E+01
  8.953  0.969E+01  0.969E+01
  8.963  0.976E+01  0.976E+01
  8.973  0.846E+01  0.846E+01
  8.983  0.855E+01  0.855E+01
  8.993  0.751E+01  0.751E+01
  9.003  0.672E+01  0.672E+01
  9.013  0.609E+01  0.609E+01
  9.023  0.559E+01  0.559E+01
  9.033  0.500E+01  0.500E+01
  9.043  0.487E+01  0.487E+01
  9.053  0.489E+01  0.489E+01
  9.063  0.474E+01  0.474E+01
  9.073  0.450E+01  0.450E+01
  9.083  0.429E+01  0.429E+01
  9.093  0.394E+01  0.394E+01
  9.103  0.372E+01  0.372E+01
  9.113  0.372E+01  0.372E+01
  9.123  0.377E+01  0.377E+01
  9.133  0.342E+01  0.342E+01
  9.143  0.329E+01  0.329E+01
  9.153  0.283E+01  0.283E+01
  9.163  0.209E+01  0.209E+01
  9.173  0.543E+00  0.543E+00
  9.183  0.000E+00  0.000E+00
  9.193  0.000E+00  0.000E+00
  9.203  0.000E+00  0.000E+00
  9.213  0.000E+00  0.000E+00
  9.223  0.000E+00  0.000E+00
  9.233  0.000E+00  0.000E+00
  9.243  0.000E+00  0.000E+00
  9.253  0.000E+00  0.000E+00
  9.263  0.000E+00  0.000E+00
  9.273  0.000E+00  0.000E+00
  9.283  0.000E+00  0.000E+00
  9.293  0.000E+00  0.000E+00
  9.303  0.000E+00  0.000E+00
  9.313  0.000E+00  0.000E+00
  9.323  0.000E+00  0.000E+00
  9.333  0.000E+00  0.000E+00
  9.343  0.000E+00  0.000E+00
  9.353  0.000E+00  0.000E+00
  9.363  0.000E+00  0.000E+00
  9.373  0.000E+00  0.000E+00
  9.383  0.000E+00  0.000E+00
  9.393  0.000E+00  0.000E+00
  9.403  0.000E+00  0.000E+00
  9.413  0.000E+00  0.000E+00
  9.423  0.000E+00  0.000E+00
  9.433  0.000E+00  0.000E+00
  9.443  0.000E+00  0.000E+00
  9.453  0.000E+00  0.000E+00
  9.463  0.000E+00  0.000E+00
  9.473  0.000E+00  0.000E+00
  9.483  0.000E+00  0.000E+00
  9.493  0.000E+00  0.000E+00
  9.503  0.000E+00  0.000E+00
  9.513  0.000E+00  0.000E+00
  9.523  0.000E+00  0.000E+00
  9.533  0.000E+00  0.000E+00
  9.543  0.000E+00  0.000E+00
  9.553  0.000E+00  0.000E+00
  9.563  0.000E+00  0.000E+00
  9.573  0.000E+00  0.000E+00
  9.583  0.000E+00  0.000E+00
  9.593  0.000E+00  0.000E+00
  9.603  0.000E+00  0.000E+00
  9.613  0.000E+00  0.000E+00
  9.623  0.000E+00  0.000E+00
  9.633  0.000E+00  0.000E+00
  9.643  0.000E+00  0.000E+00
  9.653  0.000E+00  0.000E+00
  9.663  0.000E+00  0.000E+00
  9.673  0.000E+00  0.000E+00
  9.683  0.000E+00  0.000E+00
  9.693  0.000E+00  0.000E+00
  9.703  0.000E+00  0.000E+00
  9.713  0.000E+00  0.000E+00
  9.723  0.000E+00  0.000E+00
  9.733  0.000E+00  0.000E+00
  9.743  0.000E+00  0.000E+00
  9.753  0.000E+00  0.000E+00
  9.763  0.000E+00  0.000E+00
  9.773  0.000E+00  0.000E+00
  9.783  0.000E+00  0.000E+00
  9.793  0.000E+00  0.000E+00
  9.803  0.000E+00  0.000E+00
  9.813  0.000E+00  0.000E+00
  9.823  0.000E+00  0.000E+00
  9.833  0.000E+00  0.000E+00
  9.843  0.000E+00  0.000E+00
  9.853  0.000E+00  0.000E+00
  9.863  0.000E+00  0.000E+00
  9.873  0.000E+00  0.000E+00
  9.883  0.000E+00  0.000E+00
  9.893  0.000E+00  0.000E+00
  9.903  0.000E+00  0.000E+00
  9.913  0.000E+00  0.000E+00
  9.923  0.000E+00  0.000E+00
  9.933  0.000E+00  0.000E+00
  9.943  0.000E+00  0.000E+00
  9.953  0.000E+00  0.000E+00
  9.963  0.000E+00  0.000E+00
  9.973  0.000E+00  0.000E+00
  9.983  0.000E+00  0.000E+00
  9.993  0.000E+00  0.000E+00
 10.003  0.000E+00  0.000E+00
 10.013  0.000E+00  0.000E+00
 10.023  0.000E+00  0.000E+00
 10.033  0.000E+00  0.000E+00
 10.043  0.000E+00  0.000E+00
 10.053  0.000E+00  0.000E+00
 10.063  0.000E+00  0.000E+00
 10.073  0.000E+00  0.000E+00
 10.083  0.000E+00  0.000E+00
 10.093  0.000E+00  0.000E+00
 10.103  0.000E+00  0.000E+00
 10.113  0.000E+00  0.000E+00
 10.123  0.000E+00  0.000E+00
 10.133  0.000E+00  0.000E+00
 10.143  0.000E+00  0.000E+00
 10.153  0.000E+00  0.000E+00
 10.163  0.000E+00  0.000E+00
 10.173  0.000E+00  0.000E+00
 10.183  0.000E+00  0.000E+00
 10.193  0.000E+00  0.000E+00
 10.203  0.000E+00  0.000E+00
 10.213  0.000E+00  0.000E+00
 10.223  0.000E+00  0.000E+00
 10.233  0.000E+00  0.000E+00
 10.243  0.000E+00  0.000E+00
 10.253  0.000E+00  0.000E+00
 10.263  0.000E+00  0.000E+00
 10.273  0.000E+00  0.000E+00
 10.283  0.000E+00  0.000E+00
 10.293  0.000E+00  0.000E+00
 10.303  0.000E+00  0.000E+00
 10.313  0.000E+00  0.000E+00
 10.323  0.000E+00  0.000E+00
 10.333  0.000E+00  0.000E+00
 10.343  0.000E+00  0.000E+00
 10.353  0.000E+00  0.000E+00
 10.363  0.000E+00  0.000E+00
 10.373  0.000E+00  0.000E+00
 10.383  0.000E+00  0.000E+00
 10.393  0.000E+00  0.000E+00
 10.403  0.000E+00  0.000E+00
 10.413  0.000E+00  0.000E+00
 10.423  0.000E+00  0.000E+00
 10.433  0.000E+00  0.000E+00
 10.443  0.000E+00  0.000E+00
 10.453  0.000E+00  0.000E+00
 10.463  0.000E+00  0.000E+00
 10.473  0.000E+00  0.000E+00
 10.483  0.000E+00  0.000E+00
 10.493  0.000E+00  0.000E+00
 10.503  0.000E+00  0.000E+00
 10.513  0.000E+00  0.000E+00
 10.523  0.000E+00  0.000E+00
 10.533  0.000E+00  0.000E+00
 10.543  0.000E+00  0.000E+00
 10.553  0.000E+00  0.000E+00
 10.563  0.000E+00  0.000E+00
 10.573  0.000E+00  0.000E+00
 10.583  0.000E+00  0.000E+00
 10.593  0.000E+00  0.000E+00
 10.603  0.000E+00  0.000E+00
 10.613  0.000E+00  0.000E+00
 10.623  0.000E+00  0.000E+00
 10.633  0.000E+00  0.000E+00
 10.643  0.000E+00  0.000E+00
 10.653  0.000E+00  0.000E+00
 10.663  0.000E+00  0.000E+00
 10.673  0.000E+00  0.000E+00
 10.683  0.000E+00  0.000E+00
 10.693  0.000E+00  0.000E+00
 10.703  0.000E+00  0.000E+00
 10.713  0.480E-06  0.480E-06
 10.723  0.827E-05  0.827E-05
 10.733  0.313E-04  0.313E-04
 10.743  0.771E-04  0.771E-04
 10.753  0.153E-03  0.153E-03
 10.763  0.266E-03  0.266E-03
 10.773  0.424E-03  0.424E-03
 10.783  0.633E-03  0.633E-03
 10.793  0.901E-03  0.901E-03
 10.803  0.124E-02  0.124E-02
 10.813  0.165E-02  0.165E-02
 10.823  0.214E-02  0.214E-02
 10.833  0.272E-02  0.272E-02
 10.843  0.339E-02  0.339E-02
 10.853  0.418E-02  0.418E-02
 10.863  0.507E-02  0.507E-02
 10.873  0.608E-02  0.608E-02
 10.883  0.720E-02  0.720E-02
 10.893  0.848E-02  0.848E-02
 10.903  0.988E-02  0.988E-02
 10.913  0.114E-01  0.114E-01
 10.923  0.128E-01  0.128E-01
 10.933  0.142E-01  0.142E-01
 10.943  0.157E-01  0.157E-01
 10.953  0.171E-01  0.171E-01
 10.963  0.185E-01  0.185E-01
 10.973  0.200E-01  0.200E-01
 10.983  0.214E-01  0.214E-01
 10.993  0.229E-01  0.229E-01
 11.003  0.243E-01  0.243E-01
 11.013  0.258E-01  0.258E-01
 11.023  0.272E-01  0.272E-01
 11.033  0.287E-01  0.287E-01
 11.043  0.301E-01  0.301E-01
 11.053  0.316E-01  0.316E-01
 11.063  0.330E-01  0.330E-01
 11.073  0.344E-01  0.344E-01
 11.083  0.357E-01  0.357E-01
 11.093  0.375E-01  0.375E-01
 11.103  0.394E-01  0.394E-01
 11.113  0.415E-01  0.415E-01
 11.123  0.436E-01  0.436E-01
 11.133  0.458E-01  0.458E-01
 11.143  0.479E-01  0.479E-01
 11.153  0.502E-01  0.502E-01
 11.163  0.525E-01  0.525E-01
 11.173  0.549E-01  0.549E-01
 11.183  0.573E-01  0.573E-01
 11.193  0.597E-01  0.597E-01
 11.203  0.622E-01  0.622E-01
 11.213  0.647E-01  0.647E-01
 11.223  0.673E-01  0.673E-01
 11.233  0.700E-01  0.700E-01
 11.243  0.727E-01  0.727E-01
 11.253  0.754E-01  0.754E-01
 11.263  0.782E-01  0.782E-01
 11.273  0.810E-01  0.810E-01
 11.283  0.839E-01  0.839E-01
 11.293  0.866E-01  0.866E-01
 11.303  0.891E-01  0.891E-01
 11.313  0.916E-01  0.916E-01
 11.323  0.936E-01  0.936E-01
 11.333  0.955E-01  0.955E-01
 11.343  0.973E-01  0.973E-01
 11.353  0.990E-01  0.990E-01
 11.363  0.101E+00  0.101E+00
 11.373  0.102E+00  0.102E+00
 11.383  0.104E+00  0.104E+00
 11.393  0.106E+00  0.106E+00
 11.403  0.108E+00  0.108E+00
 11.413  0.110E+00  0.110E+00
 11.423  0.112E+00  0.112E+00
 11.433  0.114E+00  0.114E+00
 11.443  0.115E+00  0.115E+00
 11.453  0.117E+00  0.117E+00
 11.463  0.119E+00  0.119E+00
 11.473  0.121E+00  0.121E+00
 11.483  0.122E+00  0.122E+00
 11.493  0.124E+00  0.124E+00
 11.503  0.126E+00  0.126E+00
 11.513  0.127E+00  0.127E+00
 11.523  0.129E+00  0.129E+00
 11.533  0.131E+00  0.131E+00
 11.543  0.133E+00  0.133E+00
 11.553  0.135E+00  0.135E+00
 11.563  0.137E+00  0.137E+00
 11.573  0.140E+00  0.140E+00
 11.583  0.142E+00  0.142E+00
 11.593  0.145E+00  0.145E+00
 11.603  0.149E+00  0.149E+00
 11.613  0.153E+00  0.153E+00
 11.623  0.158E+00  0.158E+00
 11.633  0.163E+00  0.163E+00
 11.643  0.167E+00  0.167E+00
 11.653  0.172E+00  0.172E+00
 11.663  0.176E+00  0.176E+00
 11.673  0.181E+00  0.181E+00
 11.683  0.186E+00  0.186E+00
 11.693  0.191E+00  0.191E+00
 11.703  0.195E+00  0.195E+00
 11.713  0.200E+00  0.200E+00
 11.723  0.205E+00  0.205E+00
 11.733  0.210E+00  0.210E+00
 11.743  0.215E+00  0.215E+00
 11.753  0.220E+00  0.220E+00
 11.763  0.225E+00  0.225E+00
 11.773  0.231E+00  0.231E+00
 11.783  0.236E+00  0.236E+00
 11.793  0.242E+00  0.242E+00
 11.803  0.247E+00  0.247E+00
 11.813  0.253E+00  0.253E+00
 11.823  0.259E+00  0.259E+00
 11.833  0.265E+00  0.265E+00
 11.843  0.272E+00  0.272E+00
 11.853  0.279E+00  0.279E+00
 11.863  0.287E+00  0.287E+00
 11.873  0.296E+00  0.296E+00
 11.883  0.305E+00  0.305E+00
 11.893  0.314E+00  0.314E+00
 11.903  0.324E+00  0.324E+00
 11.913  0.335E+00  0.335E+00
 11.923  0.345E+00  0.345E+00
 11.933  0.355E+00  0.355E+00
 11.943  0.364E+00  0.364E+00
 11.953  0.373E+00  0.373E+00
 11.963  0.385E+00  0.385E+00
 11.973  0.399E+00  0.399E+00
 11.983  0.415E+00  0.414E+00
 11.993  0.468E+00  0.468E+00
 12.003  0.524E+00  0.524E+00
 12.013  0.565E+00  0.565E+00
 12.023  0.590E+00  0.590E+00
 12.033  0.602E+00  0.602E+00
 12.043  0.610E+00  0.610E+00
 12.053  0.586E+00  0.586E+00
 12.063  0.570E+00  0.570E+00
 12.073  0.565E+00  0.565E+00
 12.083  0.557E+00  0.557E+00
 12.093  0.548E+00  0.548E+00
 12.103  0.439E+00  0.439E+00
 12.113  0.427E+00  0.427E+00
 12.123  0.416E+00  0.416E+00
 12.133  0.406E+00  0.406E+00
 12.143  0.394E+00  0.394E+00
 12.153  0.383E+00  0.383E+00
 12.163  0.372E+00  0.372E+00
 12.173  0.361E+00  0.361E+00
 12.183  0.427E+00  0.427E+00
 12.193  0.383E+00  0.383E+00
 12.203  0.345E+00  0.345E+00
 12.213  0.242E+00  0.242E+00
 12.223  0.248E+00  0.248E+00
 12.233  0.255E+00  0.255E+00
 12.243  0.262E+00  0.262E+00
 12.253  0.271E+00  0.271E+00
 12.263  0.282E+00  0.282E+00
 12.273  0.298E+00  0.298E+00
 12.283  0.318E+00  0.318E+00
 12.293  0.355E+00  0.355E+00
 12.303  0.421E+00  0.421E+00
 12.313  0.501E+00  0.501E+00
 12.323  0.598E+00  0.598E+00
 12.333  0.714E+00  0.714E+00
 12.343  0.758E+00  0.758E+00
 12.353  0.711E+00  0.711E+00
 12.363  0.665E+00  0.665E+00
 12.373  0.638E+00  0.638E+00
 12.383  0.620E+00  0.620E+00
 12.393  0.606E+00  0.606E+00
 12.403  0.600E+00  0.600E+00
 12.413  0.607E+00  0.607E+00
 12.423  0.632E+00  0.632E+00
 12.433  0.636E+00  0.636E+00
 12.443  0.633E+00  0.633E+00
 12.453  0.642E+00  0.642E+00
 12.463  0.561E+00  0.561E+00
 12.473  0.494E+00  0.494E+00
 12.483  0.447E+00  0.447E+00
 12.493  0.419E+00  0.419E+00
 12.503  0.410E+00  0.410E+00
 12.513  0.409E+00  0.409E+00
 12.523  0.437E+00  0.437E+00
 12.533  0.468E+00  0.468E+00
 12.543  0.481E+00  0.481E+00
 12.553  0.520E+00  0.520E+00
 12.563  0.571E+00  0.571E+00
 12.573  0.633E+00  0.633E+00
 12.583  0.714E+00  0.714E+00
 12.593  0.843E+00  0.843E+00
 12.603  0.882E+00  0.882E+00
 12.613  0.883E+00  0.883E+00
 12.623  0.869E+00  0.869E+00
 12.633  0.871E+00  0.871E+00
 12.643  0.877E+00  0.877E+00
 12.653  0.892E+00  0.892E+00
 12.663  0.107E+01  0.107E+01
 12.673  0.999E+00  0.999E+00
 12.683  0.945E+00  0.945E+00
 12.693  0.903E+00  0.903E+00
 12.703  0.871E+00  0.871E+00
 12.713  0.833E+00  0.833E+00
 12.723  0.759E+00  0.759E+00
 12.733  0.757E+00  0.757E+00
 12.743  0.759E+00  0.759E+00
 12.753  0.645E+00  0.645E+00
 12.763  0.629E+00  0.629E+00
 12.773  0.751E+00  0.751E+00
 12.783  0.695E+00  0.695E+00
 12.793  0.720E+00  0.720E+00
 12.803  0.799E+00  0.799E+00
 12.813  0.891E+00  0.891E+00
 12.823  0.102E+01  0.102E+01
 12.833  0.116E+01  0.116E+01
 12.843  0.140E+01  0.140E+01
 12.853  0.146E+01  0.146E+01
 12.863  0.139E+01  0.139E+01
 12.873  0.146E+01  0.146E+01
 12.883  0.143E+01  0.143E+01
 12.893  0.133E+01  0.133E+01
 12.903  0.118E+01  0.118E+01
 12.913  0.953E+00  0.953E+00
 12.923  0.869E+00  0.869E+00
 12.933  0.877E+00  0.877E+00
 12.943  0.945E+00  0.945E+00
 12.953  0.110E+01  0.110E+01
 12.963  0.121E+01  0.121E+01
 12.973  0.129E+01  0.129E+01
 12.983  0.136E+01  0.136E+01
 12.993  0.140E+01  0.140E+01
 13.003  0.161E+01  0.161E+01
 13.013  0.185E+01  0.185E+01
 13.023  0.196E+01  0.196E+01
 13.033  0.196E+01  0.196E+01
 13.043  0.173E+01  0.173E+01
 13.053  0.152E+01  0.152E+01
 13.063  0.144E+01  0.144E+01
 13.073  0.137E+01  0.137E+01
 13.083  0.131E+01  0.131E+01
 13.093  0.135E+01  0.135E+01
 13.103  0.102E+01  0.102E+01
 13.113  0.858E+00  0.858E+00
 13.123  0.104E+01  0.104E+01
 13.133  0.153E+01  0.153E+01
 13.143  0.200E+01  0.200E+01
 13.153  0.190E+01  0.190E+01
 13.163  0.206E+01  0.206E+01
 13.173  0.147E+01  0.147E+01
 13.183  0.110E+01  0.110E+01
 13.193  0.848E+00  0.848E+00
 13.203  0.899E+00  0.899E+00
 13.213  0.100E+01  0.100E+01
 13.223  0.115E+01  0.115E+01
 13.233  0.135E+01  0.135E+01
 13.243  0.163E+01  0.163E+01
 13.253  0.197E+01  0.197E+01
 13.263  0.194E+01  0.194E+01
 13.273  0.171E+01  0.171E+01
 13.283  0.154E+01  0.154E+01
 13.293  0.144E+01  0.144E+01
 13.303  0.142E+01  0.142E+01
 13.313  0.145E+01  0.145E+01
 13.323  0.119E+01  0.119E+01
 13.333  0.119E+01  0.119E+01
 13.343  0.130E+01  0.130E+01
 13.353  0.139E+01  0.139E+01
 13.363  0.155E+01  0.155E+01
 13.373  0.272E+01  0.272E+01
 13.383  0.211E+01  0.211E+01
 13.393  0.210E+01  0.210E+01
 13.403  0.212E+01  0.212E+01
 13.413  0.259E+01  0.259E+01
 13.423  0.208E+01  0.208E+01
 13.433  0.207E+01  0.207E+01
 13.443  0.239E+01  0.239E+01
 13.453  0.235E+01  0.235E+01
 13.463  0.256E+01  0.256E+01
 13.473  0.251E+01  0.251E+01
 13.483  0.229E+01  0.229E+01
 13.493  0.217E+01  0.217E+01
 13.503  0.205E+01  0.205E+01
 13.513  0.204E+01  0.204E+01
 13.523  0.207E+01  0.207E+01
 13.533  0.222E+01  0.222E+01
 13.543  0.228E+01  0.228E+01
 13.553  0.234E+01  0.234E+01
 13.563  0.240E+01  0.240E+01
 13.573  0.243E+01  0.243E+01
 13.583  0.239E+01  0.239E+01
 13.593  0.234E+01  0.234E+01
 13.603  0.231E+01  0.231E+01
 13.613  0.236E+01  0.236E+01
 13.623  0.237E+01  0.237E+01
 13.633  0.246E+01  0.246E+01
 13.643  0.238E+01  0.238E+01
 13.653  0.247E+01  0.247E+01
 13.663  0.265E+01  0.265E+01
 13.673  0.283E+01  0.283E+01
 13.683  0.309E+01  0.309E+01
 13.693  0.300E+01  0.300E+01
 13.703  0.299E+01  0.299E+01
 13.713  0.299E+01  0.299E+01
 13.723  0.322E+01  0.322E+01
 13.733  0.359E+01  0.359E+01
 13.743  0.274E+01  0.274E+01
 13.753  0.267E+01  0.267E+01
 13.763  0.283E+01  0.283E+01
 13.773  0.278E+01  0.278E+01
 13.783  0.287E+01  0.287E+01
 13.793  0.321E+01  0.321E+01
 13.803  0.252E+01  0.252E+01
 13.813  0.246E+01  0.246E+01
 13.823  0.247E+01  0.247E+01
 13.833  0.254E+01  0.254E+01
 13.843  0.264E+01  0.264E+01
 13.853  0.278E+01  0.278E+01
 13.863  0.303E+01  0.303E+01
 13.873  0.297E+01  0.297E+01
 13.883  0.298E+01  0.298E+01
 13.893  0.298E+01  0.298E+01
 13.903  0.302E+01  0.302E+01
 13.913  0.304E+01  0.304E+01
 13.923  0.305E+01  0.305E+01
 13.933  0.313E+01  0.313E+01
 13.943  0.325E+01  0.325E+01
 13.953  0.334E+01  0.334E+01
 13.963  0.330E+01  0.330E+01
 13.973  0.333E+01  0.333E+01
 13.983  0.297E+01  0.297E+01
 13.993  0.280E+01  0.280E+01
 14.003  0.281E+01  0.281E+01
 14.013  0.290E+01  0.290E+01
 14.023  0.289E+01  0.289E+01
 14.033  0.290E+01  0.290E+01
 14.043  0.289E+01  0.289E+01
 14.053  0.259E+01  0.259E+01
 14.063  0.249E+01  0.249E+01
 14.073  0.248E+01  0.248E+01
 14.083  0.245E+01  0.245E+01
 14.093  0.255E+01  0.255E+01
 14.103  0.299E+01  0.299E+01
 14.113  0.406E+01  0.406E+01
 14.123  0.375E+01  0.375E+01
 14.133  0.278E+01  0.278E+01
 14.143  0.286E+01  0.286E+01
 14.153  0.332E+01  0.332E+01
 14.163  0.411E+01  0.411E+01
 14.173  0.337E+01  0.337E+01
 14.183  0.366E+01  0.366E+01
 14.193  0.383E+01  0.383E+01
 14.203  0.351E+01  0.351E+01
 14.213  0.352E+01  0.352E+01
 14.223  0.349E+01  0.349E+01
 14.233  0.328E+01  0.328E+01
 14.243  0.306E+01  0.306E+01
 14.253  0.341E+01  0.341E+01
 14.263  0.338E+01  0.338E+01
 14.273  0.314E+01  0.314E+01
 14.283  0.309E+01  0.309E+01
 14.293  0.366E+01  0.366E+01
 14.303  0.359E+01  0.359E+01
 14.313  0.360E+01  0.360E+01
 14.323  0.366E+01  0.366E+01
 14.333  0.366E+01  0.366E+01
 14.343  0.370E+01  0.370E+01
 14.353  0.369E+01  0.369E+01
 14.363  0.368E+01  0.368E+01
 14.373  0.365E+01  0.365E+01
 14.383  0.359E+01  0.359E+01
 14.393  0.355E+01  0.355E+01
 14.403  0.367E+01  0.367E+01
 14.413  0.377E+01  0.377E+01
 14.423  0.372E+01  0.372E+01
 14.433  0.395E+01  0.395E+01
 14.443  0.409E+01  0.409E+01
 14.453  0.477E+01  0.477E+01
 14.463  0.425E+01  0.425E+01
 14.473  0.406E+01  0.406E+01
 14.483  0.379E+01  0.379E+01
 14.493  0.385E+01  0.385E+01
 14.503  0.362E+01  0.362E+01
 14.513  0.375E+01  0.375E+01
 14.523  0.422E+01  0.422E+01
 14.533  0.357E+01  0.357E+01
 14.543  0.323E+01  0.323E+01
 14.553  0.304E+01  0.304E+01
 14.563  0.290E+01  0.290E+01
 14.573  0.286E+01  0.286E+01
 14.583  0.259E+01  0.259E+01
 14.593  0.209E+01  0.209E+01
 14.603  0.153E+01  0.153E+01
 14.613  0.144E+01  0.144E+01
 14.623  0.123E+01  0.123E+01
 14.633  0.977E+00  0.977E+00
 14.643  0.858E+00  0.858E+00
 14.653  0.742E+00  0.742E+00
 14.663  0.468E+00  0.468E+00
 14.673  0.342E+00  0.342E+00
 14.683  0.252E+00  0.252E+00
 14.693  0.164E+00  0.164E+00
 14.703  0.106E+00  0.106E+00
 14.713  0.463E-01  0.463E-01
 14.723  0.218E-01  0.218E-01
 14.733  0.000E+00  0.000E+00
