# E (eV) pdosup(E)  pdosdw(E) 
 -8.267  0.000E+00  0.000E+00
 -8.257  0.000E+00  0.000E+00
 -8.247  0.000E+00  0.000E+00
 -8.237  0.000E+00  0.000E+00
 -8.227  0.000E+00  0.000E+00
 -8.217  0.000E+00  0.000E+00
 -8.207  0.000E+00  0.000E+00
 -8.197  0.000E+00  0.000E+00
 -8.187  0.000E+00  0.000E+00
 -8.177  0.000E+00  0.000E+00
 -8.167  0.000E+00  0.000E+00
 -8.157  0.000E+00  0.000E+00
 -8.147  0.000E+00  0.000E+00
 -8.137  0.000E+00  0.000E+00
 -8.127  0.000E+00  0.000E+00
 -8.117  0.000E+00  0.000E+00
 -8.107  0.000E+00  0.000E+00
 -8.097  0.000E+00  0.000E+00
 -8.087  0.000E+00  0.000E+00
 -8.077  0.000E+00  0.000E+00
 -8.067  0.000E+00  0.000E+00
 -8.057  0.000E+00  0.000E+00
 -8.047  0.000E+00  0.000E+00
 -8.037  0.000E+00  0.000E+00
 -8.027  0.000E+00  0.000E+00
 -8.017  0.000E+00  0.000E+00
 -8.007  0.000E+00  0.000E+00
 -7.997  0.000E+00  0.000E+00
 -7.987  0.000E+00  0.000E+00
 -7.977  0.000E+00  0.000E+00
 -7.967  0.000E+00  0.000E+00
 -7.957  0.000E+00  0.000E+00
 -7.947  0.000E+00  0.000E+00
 -7.937  0.000E+00  0.000E+00
 -7.927  0.000E+00  0.000E+00
 -7.917  0.000E+00  0.000E+00
 -7.907  0.000E+00  0.000E+00
 -7.897  0.000E+00  0.000E+00
 -7.887  0.000E+00  0.000E+00
 -7.877  0.000E+00  0.000E+00
 -7.867  0.000E+00  0.000E+00
 -7.857  0.000E+00  0.000E+00
 -7.847  0.000E+00  0.000E+00
 -7.837  0.000E+00  0.000E+00
 -7.827  0.000E+00  0.000E+00
 -7.817  0.000E+00  0.000E+00
 -7.807  0.000E+00  0.000E+00
 -7.797  0.000E+00  0.000E+00
 -7.787  0.000E+00  0.000E+00
 -7.777  0.000E+00  0.000E+00
 -7.767  0.000E+00  0.000E+00
 -7.757  0.000E+00  0.000E+00
 -7.747  0.000E+00  0.000E+00
 -7.737  0.000E+00  0.000E+00
 -7.727  0.000E+00  0.000E+00
 -7.717  0.000E+00  0.000E+00
 -7.707  0.000E+00  0.000E+00
 -7.697  0.000E+00  0.000E+00
 -7.687  0.000E+00  0.000E+00
 -7.677  0.000E+00  0.000E+00
 -7.667  0.000E+00  0.000E+00
 -7.657  0.000E+00  0.000E+00
 -7.647  0.000E+00  0.000E+00
 -7.637  0.000E+00  0.000E+00
 -7.627  0.000E+00  0.000E+00
 -7.617  0.000E+00  0.000E+00
 -7.607  0.000E+00  0.000E+00
 -7.597  0.000E+00  0.000E+00
 -7.587  0.000E+00  0.000E+00
 -7.577  0.000E+00  0.000E+00
 -7.567  0.000E+00  0.000E+00
 -7.557  0.000E+00  0.000E+00
 -7.547  0.000E+00  0.000E+00
 -7.537  0.000E+00  0.000E+00
 -7.527  0.000E+00  0.000E+00
 -7.517  0.000E+00  0.000E+00
 -7.507  0.000E+00  0.000E+00
 -7.497  0.000E+00  0.000E+00
 -7.487  0.000E+00  0.000E+00
 -7.477  0.000E+00  0.000E+00
 -7.467  0.000E+00  0.000E+00
 -7.457  0.000E+00  0.000E+00
 -7.447  0.000E+00  0.000E+00
 -7.437  0.000E+00  0.000E+00
 -7.427  0.000E+00  0.000E+00
 -7.417  0.000E+00  0.000E+00
 -7.407  0.000E+00  0.000E+00
 -7.397  0.000E+00  0.000E+00
 -7.387  0.000E+00  0.000E+00
 -7.377  0.000E+00  0.000E+00
 -7.367  0.000E+00  0.000E+00
 -7.357  0.000E+00  0.000E+00
 -7.347  0.000E+00  0.000E+00
 -7.337  0.000E+00  0.000E+00
 -7.327  0.000E+00  0.000E+00
 -7.317  0.000E+00  0.000E+00
 -7.307  0.000E+00  0.000E+00
 -7.297  0.000E+00  0.000E+00
 -7.287  0.000E+00  0.000E+00
 -7.277  0.000E+00  0.000E+00
 -7.267  0.000E+00  0.000E+00
 -7.257  0.000E+00  0.000E+00
 -7.247  0.000E+00  0.000E+00
 -7.237  0.000E+00  0.000E+00
 -7.227  0.000E+00  0.000E+00
 -7.217  0.000E+00  0.000E+00
 -7.207  0.000E+00  0.000E+00
 -7.197  0.000E+00  0.000E+00
 -7.187  0.000E+00  0.000E+00
 -7.177  0.000E+00  0.000E+00
 -7.167  0.000E+00  0.000E+00
 -7.157  0.000E+00  0.000E+00
 -7.147  0.000E+00  0.000E+00
 -7.137  0.000E+00  0.000E+00
 -7.127  0.000E+00  0.000E+00
 -7.117  0.000E+00  0.000E+00
 -7.107  0.000E+00  0.000E+00
 -7.097  0.000E+00  0.000E+00
 -7.087  0.000E+00  0.000E+00
 -7.077  0.000E+00  0.000E+00
 -7.067  0.000E+00  0.000E+00
 -7.057  0.000E+00  0.000E+00
 -7.047  0.000E+00  0.000E+00
 -7.037  0.000E+00  0.000E+00
 -7.027  0.000E+00  0.000E+00
 -7.017  0.000E+00  0.000E+00
 -7.007  0.000E+00  0.000E+00
 -6.997  0.000E+00  0.000E+00
 -6.987  0.000E+00  0.000E+00
 -6.977  0.000E+00  0.000E+00
 -6.967  0.000E+00  0.000E+00
 -6.957  0.000E+00  0.000E+00
 -6.947  0.000E+00  0.000E+00
 -6.937  0.000E+00  0.000E+00
 -6.927  0.000E+00  0.000E+00
 -6.917  0.000E+00  0.000E+00
 -6.907  0.000E+00  0.000E+00
 -6.897  0.000E+00  0.000E+00
 -6.887  0.000E+00  0.000E+00
 -6.877  0.000E+00  0.000E+00
 -6.867  0.000E+00  0.000E+00
 -6.857  0.000E+00  0.000E+00
 -6.847  0.000E+00  0.000E+00
 -6.837  0.000E+00  0.000E+00
 -6.827  0.000E+00  0.000E+00
 -6.817  0.000E+00  0.000E+00
 -6.807  0.000E+00  0.000E+00
 -6.797  0.000E+00  0.000E+00
 -6.787  0.000E+00  0.000E+00
 -6.777  0.000E+00  0.000E+00
 -6.767  0.000E+00  0.000E+00
 -6.757  0.000E+00  0.000E+00
 -6.747  0.000E+00  0.000E+00
 -6.737  0.000E+00  0.000E+00
 -6.727  0.000E+00  0.000E+00
 -6.717  0.000E+00  0.000E+00
 -6.707  0.000E+00  0.000E+00
 -6.697  0.000E+00  0.000E+00
 -6.687  0.000E+00  0.000E+00
 -6.677  0.000E+00  0.000E+00
 -6.667  0.000E+00  0.000E+00
 -6.657  0.000E+00  0.000E+00
 -6.647  0.000E+00  0.000E+00
 -6.637  0.000E+00  0.000E+00
 -6.627  0.000E+00  0.000E+00
 -6.617  0.000E+00  0.000E+00
 -6.607  0.000E+00  0.000E+00
 -6.597  0.000E+00  0.000E+00
 -6.587  0.000E+00  0.000E+00
 -6.577  0.000E+00  0.000E+00
 -6.567  0.000E+00  0.000E+00
 -6.557  0.000E+00  0.000E+00
 -6.547  0.000E+00  0.000E+00
 -6.537  0.000E+00  0.000E+00
 -6.527  0.000E+00  0.000E+00
 -6.517  0.000E+00  0.000E+00
 -6.507  0.000E+00  0.000E+00
 -6.497  0.000E+00  0.000E+00
 -6.487  0.000E+00  0.000E+00
 -6.477  0.000E+00  0.000E+00
 -6.467  0.125E+00  0.125E+00
 -6.457  0.170E+01  0.170E+01
 -6.447  0.265E+01  0.265E+01
 -6.437  0.335E+01  0.335E+01
 -6.427  0.425E+01  0.425E+01
 -6.417  0.446E+01  0.446E+01
 -6.407  0.443E+01  0.443E+01
 -6.397  0.461E+01  0.461E+01
 -6.387  0.480E+01  0.480E+01
 -6.377  0.542E+01  0.542E+01
 -6.367  0.604E+01  0.604E+01
 -6.357  0.678E+01  0.678E+01
 -6.347  0.762E+01  0.762E+01
 -6.337  0.852E+01  0.852E+01
 -6.327  0.951E+01  0.951E+01
 -6.317  0.129E+02  0.129E+02
 -6.307  0.125E+02  0.125E+02
 -6.297  0.117E+02  0.117E+02
 -6.287  0.919E+01  0.919E+01
 -6.277  0.845E+01  0.845E+01
 -6.267  0.666E+01  0.666E+01
 -6.257  0.560E+01  0.560E+01
 -6.247  0.629E+01  0.629E+01
 -6.237  0.888E+01  0.888E+01
 -6.227  0.125E+02  0.125E+02
 -6.217  0.181E+02  0.181E+02
 -6.207  0.939E+01  0.939E+01
 -6.197  0.316E+01  0.316E+01
 -6.187  0.116E+01  0.116E+01
 -6.177  0.419E+01  0.419E+01
 -6.167  0.147E+02  0.147E+02
 -6.157  0.262E+02  0.262E+02
 -6.147  0.168E+02  0.168E+02
 -6.137  0.137E+02  0.137E+02
 -6.127  0.122E+02  0.122E+02
 -6.117  0.129E+02  0.129E+02
 -6.107  0.180E+02  0.180E+02
 -6.097  0.202E+02  0.202E+02
 -6.087  0.134E+02  0.134E+02
 -6.077  0.135E+02  0.135E+02
 -6.067  0.157E+02  0.157E+02
 -6.057  0.282E+02  0.282E+02
 -6.047  0.216E+02  0.216E+02
 -6.037  0.250E+02  0.250E+02
 -6.027  0.244E+02  0.244E+02
 -6.017  0.251E+02  0.251E+02
 -6.007  0.347E+02  0.347E+02
 -5.997  0.221E+02  0.221E+02
 -5.987  0.251E+02  0.251E+02
 -5.977  0.289E+02  0.289E+02
 -5.967  0.296E+02  0.296E+02
 -5.957  0.222E+02  0.222E+02
 -5.947  0.225E+02  0.225E+02
 -5.937  0.360E+02  0.360E+02
 -5.927  0.366E+02  0.366E+02
 -5.917  0.202E+02  0.202E+02
 -5.907  0.530E+02  0.530E+02
 -5.897  0.429E+02  0.429E+02
 -5.887  0.377E+02  0.377E+02
 -5.877  0.300E+02  0.300E+02
 -5.867  0.873E+02  0.873E+02
 -5.857  0.225E+02  0.225E+02
 -5.847  0.878E+02  0.878E+02
 -5.837  0.189E+02  0.189E+02
 -5.827  0.897E+02  0.897E+02
 -5.817  0.308E+02  0.308E+02
 -5.807  0.448E+02  0.448E+02
 -5.797  0.126E+03  0.126E+03
 -5.787  0.108E+03  0.108E+03
 -5.777  0.798E+02  0.798E+02
 -5.767  0.122E+03  0.122E+03
 -5.757  0.196E+02  0.196E+02
 -5.747  0.797E+02  0.797E+02
 -5.737  0.103E+03  0.103E+03
 -5.727  0.866E+02  0.866E+02
 -5.717  0.537E+02  0.537E+02
 -5.707  0.750E+02  0.750E+02
 -5.697  0.174E+03  0.174E+03
 -5.687  0.115E+03  0.115E+03
 -5.677  0.147E+03  0.147E+03
 -5.667  0.123E+03  0.123E+03
 -5.657  0.267E+03  0.267E+03
 -5.647  0.114E+03  0.114E+03
 -5.637  0.936E+02  0.936E+02
 -5.627  0.125E+03  0.125E+03
 -5.617  0.202E+03  0.202E+03
 -5.607  0.168E+03  0.168E+03
 -5.597  0.250E+03  0.250E+03
 -5.587  0.855E+02  0.855E+02
 -5.577  0.181E+03  0.181E+03
 -5.567  0.207E+03  0.207E+03
 -5.557  0.905E+02  0.905E+02
 -5.547  0.371E+03  0.373E+03
 -5.537  0.000E+00  0.000E+00
 -5.527  0.000E+00  0.000E+00
 -5.517  0.000E+00  0.000E+00
 -5.507  0.000E+00  0.000E+00
 -5.497  0.000E+00  0.000E+00
 -5.487  0.000E+00  0.000E+00
 -5.477  0.000E+00  0.000E+00
 -5.467  0.000E+00  0.000E+00
 -5.457  0.000E+00  0.000E+00
 -5.447  0.000E+00  0.000E+00
 -5.437  0.000E+00  0.000E+00
 -5.427  0.000E+00  0.000E+00
 -5.417  0.000E+00  0.000E+00
 -5.407  0.000E+00  0.000E+00
 -5.397  0.000E+00  0.000E+00
 -5.387  0.000E+00  0.000E+00
 -5.377  0.000E+00  0.000E+00
 -5.367  0.000E+00  0.000E+00
 -5.357  0.000E+00  0.000E+00
 -5.347  0.000E+00  0.000E+00
 -5.337  0.000E+00  0.000E+00
 -5.327  0.000E+00  0.000E+00
 -5.317  0.000E+00  0.000E+00
 -5.307  0.000E+00  0.000E+00
 -5.297  0.000E+00  0.000E+00
 -5.287  0.000E+00  0.000E+00
 -5.277  0.000E+00  0.000E+00
 -5.267  0.000E+00  0.000E+00
 -5.257  0.000E+00  0.000E+00
 -5.247  0.000E+00  0.000E+00
 -5.237  0.000E+00  0.000E+00
 -5.227  0.000E+00  0.000E+00
 -5.217  0.000E+00  0.000E+00
 -5.207  0.000E+00  0.000E+00
 -5.197  0.000E+00  0.000E+00
 -5.187  0.000E+00  0.000E+00
 -5.177  0.000E+00  0.000E+00
 -5.167  0.000E+00  0.000E+00
 -5.157  0.000E+00  0.000E+00
 -5.147  0.000E+00  0.000E+00
 -5.137  0.000E+00  0.000E+00
 -5.127  0.000E+00  0.000E+00
 -5.117  0.000E+00  0.000E+00
 -5.107  0.000E+00  0.000E+00
 -5.097  0.000E+00  0.000E+00
 -5.087  0.000E+00  0.000E+00
 -5.077  0.000E+00  0.000E+00
 -5.067  0.000E+00  0.000E+00
 -5.057  0.000E+00  0.000E+00
 -5.047  0.000E+00  0.000E+00
 -5.037  0.000E+00  0.000E+00
 -5.027  0.000E+00  0.000E+00
 -5.017  0.000E+00  0.000E+00
 -5.007  0.000E+00  0.000E+00
 -4.997  0.000E+00  0.000E+00
 -4.987  0.000E+00  0.000E+00
 -4.977  0.000E+00  0.000E+00
 -4.967  0.000E+00  0.000E+00
 -4.957  0.000E+00  0.000E+00
 -4.947  0.000E+00  0.000E+00
 -4.937  0.000E+00  0.000E+00
 -4.927  0.000E+00  0.000E+00
 -4.917  0.000E+00  0.000E+00
 -4.907  0.000E+00  0.000E+00
 -4.897  0.000E+00  0.000E+00
 -4.887  0.000E+00  0.000E+00
 -4.877  0.000E+00  0.000E+00
 -4.867  0.000E+00  0.000E+00
 -4.857  0.000E+00  0.000E+00
 -4.847  0.000E+00  0.000E+00
 -4.837  0.000E+00  0.000E+00
 -4.827  0.000E+00  0.000E+00
 -4.817  0.000E+00  0.000E+00
 -4.807  0.000E+00  0.000E+00
 -4.797  0.000E+00  0.000E+00
 -4.787  0.000E+00  0.000E+00
 -4.777  0.000E+00  0.000E+00
 -4.767  0.000E+00  0.000E+00
 -4.757  0.000E+00  0.000E+00
 -4.747  0.000E+00  0.000E+00
 -4.737  0.000E+00  0.000E+00
 -4.727  0.000E+00  0.000E+00
 -4.717  0.000E+00  0.000E+00
 -4.707  0.000E+00  0.000E+00
 -4.697  0.000E+00  0.000E+00
 -4.687  0.000E+00  0.000E+00
 -4.677  0.000E+00  0.000E+00
 -4.667  0.000E+00  0.000E+00
 -4.657  0.000E+00  0.000E+00
 -4.647  0.000E+00  0.000E+00
 -4.637  0.000E+00  0.000E+00
 -4.627  0.000E+00  0.000E+00
 -4.617  0.000E+00  0.000E+00
 -4.607  0.000E+00  0.000E+00
 -4.597  0.000E+00  0.000E+00
 -4.587  0.000E+00  0.000E+00
 -4.577  0.000E+00  0.000E+00
 -4.567  0.000E+00  0.000E+00
 -4.557  0.000E+00  0.000E+00
 -4.547  0.000E+00  0.000E+00
 -4.537  0.000E+00  0.000E+00
 -4.527  0.000E+00  0.000E+00
 -4.517  0.000E+00  0.000E+00
 -4.507  0.000E+00  0.000E+00
 -4.497  0.000E+00  0.000E+00
 -4.487  0.000E+00  0.000E+00
 -4.477  0.000E+00  0.000E+00
 -4.467  0.000E+00  0.000E+00
 -4.457  0.644E+02  0.644E+02
 -4.447  0.197E+02  0.197E+02
 -4.437  0.368E+01  0.368E+01
 -4.427  0.563E+02  0.563E+02
 -4.417  0.162E+03  0.162E+03
 -4.407  0.000E+00  0.000E+00
 -4.397  0.143E+03  0.143E+03
 -4.387  0.455E+02  0.455E+02
 -4.377  0.113E+03  0.113E+03
 -4.367  0.180E+03  0.180E+03
 -4.357  0.430E+03  0.429E+03
 -4.347  0.144E+03  0.144E+03
 -4.337  0.321E+03  0.321E+03
 -4.327  0.158E+03  0.158E+03
 -4.317  0.102E+03  0.102E+03
 -4.307  0.000E+00  0.000E+00
 -4.297  0.625E+03  0.625E+03
 -4.287  0.407E+03  0.407E+03
 -4.277  0.338E+03  0.338E+03
 -4.267  0.000E+00  0.000E+00
 -4.257  0.174E+03  0.174E+03
 -4.247  0.243E+03  0.243E+03
 -4.237  0.424E+03  0.424E+03
 -4.227  0.102E+04  0.102E+04
 -4.217  0.208E+03  0.208E+03
 -4.207  0.186E+03  0.186E+03
 -4.197  0.238E+03  0.238E+03
 -4.187  0.368E+03  0.368E+03
 -4.177  0.477E+03  0.477E+03
 -4.167  0.371E+03  0.371E+03
 -4.157  0.128E+04  0.128E+04
 -4.147  0.431E+03  0.431E+03
 -4.137  0.607E+03  0.607E+03
 -4.127  0.584E+03  0.584E+03
 -4.117  0.476E+03  0.476E+03
 -4.107  0.519E+03  0.519E+03
 -4.097  0.406E+03  0.406E+03
 -4.087  0.330E+03  0.330E+03
 -4.077  0.438E+03  0.438E+03
 -4.067  0.446E+03  0.446E+03
 -4.057  0.483E+03  0.483E+03
 -4.047  0.469E+03  0.469E+03
 -4.037  0.510E+03  0.510E+03
 -4.027  0.896E+03  0.896E+03
 -4.017  0.776E+03  0.776E+03
 -4.007  0.631E+03  0.631E+03
 -3.997  0.643E+03  0.643E+03
 -3.987  0.676E+03  0.676E+03
 -3.977  0.539E+03  0.539E+03
 -3.967  0.519E+03  0.519E+03
 -3.957  0.707E+03  0.707E+03
 -3.947  0.377E+03  0.377E+03
 -3.937  0.456E+03  0.456E+03
 -3.927  0.299E+03  0.299E+03
 -3.917  0.292E+03  0.292E+03
 -3.907  0.241E+03  0.241E+03
 -3.897  0.195E+03  0.195E+03
 -3.887  0.378E+02  0.378E+02
 -3.877  0.347E+02  0.347E+02
 -3.867  0.238E+02  0.238E+02
 -3.857  0.241E+02  0.241E+02
 -3.847  0.311E+02  0.311E+02
 -3.837  0.181E+02  0.181E+02
 -3.827  0.122E+02  0.122E+02
 -3.817  0.172E+02  0.172E+02
 -3.807  0.269E+02  0.269E+02
 -3.797  0.223E+02  0.223E+02
 -3.787  0.161E+02  0.161E+02
 -3.777  0.146E+02  0.146E+02
 -3.767  0.150E+02  0.150E+02
 -3.757  0.159E+02  0.159E+02
 -3.747  0.205E+02  0.205E+02
 -3.737  0.190E+02  0.190E+02
 -3.727  0.208E+02  0.208E+02
 -3.717  0.176E+02  0.176E+02
 -3.707  0.172E+02  0.172E+02
 -3.697  0.196E+02  0.196E+02
 -3.687  0.235E+02  0.235E+02
 -3.677  0.182E+02  0.182E+02
 -3.667  0.112E+02  0.112E+02
 -3.657  0.151E+02  0.151E+02
 -3.647  0.300E+02  0.300E+02
 -3.637  0.250E+02  0.250E+02
 -3.627  0.163E+02  0.163E+02
 -3.617  0.124E+02  0.124E+02
 -3.607  0.142E+02  0.142E+02
 -3.597  0.125E+02  0.125E+02
 -3.587  0.205E+02  0.206E+02
 -3.577  0.423E+02  0.423E+02
 -3.567  0.142E+02  0.142E+02
 -3.557  0.106E+02  0.106E+02
 -3.547  0.928E+01  0.928E+01
 -3.537  0.120E+02  0.120E+02
 -3.527  0.211E+02  0.211E+02
 -3.517  0.276E+02  0.276E+02
 -3.507  0.267E+02  0.267E+02
 -3.497  0.221E+02  0.221E+02
 -3.487  0.187E+02  0.187E+02
 -3.477  0.196E+02  0.195E+02
 -3.467  0.160E+02  0.160E+02
 -3.457  0.157E+02  0.157E+02
 -3.447  0.175E+02  0.175E+02
 -3.437  0.184E+02  0.184E+02
 -3.427  0.195E+02  0.195E+02
 -3.417  0.201E+02  0.201E+02
 -3.407  0.188E+02  0.188E+02
 -3.397  0.162E+02  0.162E+02
 -3.387  0.152E+02  0.152E+02
 -3.377  0.219E+02  0.219E+02
 -3.367  0.209E+02  0.210E+02
 -3.357  0.189E+02  0.189E+02
 -3.347  0.161E+02  0.161E+02
 -3.337  0.150E+02  0.150E+02
 -3.327  0.123E+02  0.123E+02
 -3.317  0.133E+02  0.133E+02
 -3.307  0.153E+02  0.153E+02
 -3.297  0.258E+02  0.258E+02
 -3.287  0.313E+02  0.313E+02
 -3.277  0.215E+02  0.215E+02
 -3.267  0.187E+02  0.187E+02
 -3.257  0.199E+02  0.199E+02
 -3.247  0.254E+02  0.254E+02
 -3.237  0.233E+02  0.233E+02
 -3.227  0.247E+02  0.247E+02
 -3.217  0.204E+02  0.204E+02
 -3.207  0.186E+02  0.186E+02
 -3.197  0.164E+02  0.164E+02
 -3.187  0.156E+02  0.156E+02
 -3.177  0.158E+02  0.158E+02
 -3.167  0.170E+02  0.170E+02
 -3.157  0.208E+02  0.208E+02
 -3.147  0.194E+02  0.194E+02
 -3.137  0.195E+02  0.195E+02
 -3.127  0.208E+02  0.208E+02
 -3.117  0.222E+02  0.222E+02
 -3.107  0.222E+02  0.222E+02
 -3.097  0.198E+02  0.198E+02
 -3.087  0.184E+02  0.184E+02
 -3.077  0.178E+02  0.178E+02
 -3.067  0.224E+02  0.224E+02
 -3.057  0.200E+02  0.200E+02
 -3.047  0.218E+02  0.218E+02
 -3.037  0.238E+02  0.238E+02
 -3.027  0.255E+02  0.255E+02
 -3.017  0.252E+02  0.252E+02
 -3.007  0.248E+02  0.248E+02
 -2.997  0.249E+02  0.249E+02
 -2.987  0.257E+02  0.257E+02
 -2.977  0.238E+02  0.238E+02
 -2.967  0.238E+02  0.238E+02
 -2.957  0.251E+02  0.251E+02
 -2.947  0.271E+02  0.271E+02
 -2.937  0.280E+02  0.280E+02
 -2.927  0.290E+02  0.290E+02
 -2.917  0.267E+02  0.267E+02
 -2.907  0.258E+02  0.258E+02
 -2.897  0.264E+02  0.264E+02
 -2.887  0.259E+02  0.259E+02
 -2.877  0.257E+02  0.257E+02
 -2.867  0.291E+02  0.291E+02
 -2.857  0.299E+02  0.299E+02
 -2.847  0.325E+02  0.325E+02
 -2.837  0.284E+02  0.284E+02
 -2.827  0.258E+02  0.258E+02
 -2.817  0.272E+02  0.272E+02
 -2.807  0.303E+02  0.303E+02
 -2.797  0.262E+02  0.262E+02
 -2.787  0.302E+02  0.302E+02
 -2.777  0.306E+02  0.306E+02
 -2.767  0.257E+02  0.257E+02
 -2.757  0.251E+02  0.251E+02
 -2.747  0.298E+02  0.298E+02
 -2.737  0.349E+02  0.349E+02
 -2.727  0.434E+02  0.434E+02
 -2.717  0.406E+02  0.406E+02
 -2.707  0.472E+02  0.472E+02
 -2.697  0.427E+02  0.427E+02
 -2.687  0.470E+02  0.470E+02
 -2.677  0.294E+02  0.294E+02
 -2.667  0.246E+02  0.246E+02
 -2.657  0.337E+02  0.337E+02
 -2.647  0.260E+02  0.260E+02
 -2.637  0.287E+02  0.287E+02
 -2.627  0.248E+02  0.248E+02
 -2.617  0.256E+02  0.256E+02
 -2.607  0.313E+02  0.313E+02
 -2.597  0.339E+02  0.339E+02
 -2.587  0.370E+02  0.370E+02
 -2.577  0.328E+02  0.328E+02
 -2.567  0.337E+02  0.337E+02
 -2.557  0.379E+02  0.379E+02
 -2.547  0.360E+02  0.360E+02
 -2.537  0.394E+02  0.394E+02
 -2.527  0.385E+02  0.385E+02
 -2.517  0.338E+02  0.338E+02
 -2.507  0.401E+02  0.401E+02
 -2.497  0.379E+02  0.379E+02
 -2.487  0.382E+02  0.382E+02
 -2.477  0.411E+02  0.411E+02
 -2.467  0.333E+02  0.333E+02
 -2.457  0.389E+02  0.389E+02
 -2.447  0.368E+02  0.368E+02
 -2.437  0.312E+02  0.312E+02
 -2.427  0.363E+02  0.363E+02
 -2.417  0.349E+02  0.349E+02
 -2.407  0.350E+02  0.350E+02
 -2.397  0.369E+02  0.369E+02
 -2.387  0.367E+02  0.367E+02
 -2.377  0.330E+02  0.330E+02
 -2.367  0.344E+02  0.344E+02
 -2.357  0.410E+02  0.410E+02
 -2.347  0.437E+02  0.437E+02
 -2.337  0.361E+02  0.361E+02
 -2.327  0.361E+02  0.361E+02
 -2.317  0.355E+02  0.355E+02
 -2.307  0.366E+02  0.366E+02
 -2.297  0.355E+02  0.355E+02
 -2.287  0.336E+02  0.336E+02
 -2.277  0.351E+02  0.351E+02
 -2.267  0.436E+02  0.436E+02
 -2.257  0.414E+02  0.414E+02
 -2.247  0.492E+02  0.492E+02
 -2.237  0.424E+02  0.424E+02
 -2.227  0.534E+02  0.534E+02
 -2.217  0.483E+02  0.483E+02
 -2.207  0.533E+02  0.533E+02
 -2.197  0.281E+02  0.281E+02
 -2.187  0.249E+02  0.249E+02
 -2.177  0.257E+02  0.257E+02
 -2.167  0.323E+02  0.323E+02
 -2.157  0.452E+02  0.452E+02
 -2.147  0.494E+02  0.494E+02
 -2.137  0.434E+02  0.434E+02
 -2.127  0.312E+02  0.312E+02
 -2.117  0.256E+02  0.256E+02
 -2.107  0.275E+02  0.275E+02
 -2.097  0.239E+02  0.239E+02
 -2.087  0.192E+02  0.192E+02
 -2.077  0.154E+02  0.154E+02
 -2.067  0.863E+01  0.863E+01
 -2.057  0.633E-01  0.633E-01
 -2.047  0.000E+00  0.000E+00
 -2.037  0.000E+00  0.000E+00
 -2.027  0.000E+00  0.000E+00
 -2.017  0.000E+00  0.000E+00
 -2.007  0.000E+00  0.000E+00
 -1.997  0.000E+00  0.000E+00
 -1.987  0.000E+00  0.000E+00
 -1.977  0.000E+00  0.000E+00
 -1.967  0.000E+00  0.000E+00
 -1.957  0.000E+00  0.000E+00
 -1.947  0.000E+00  0.000E+00
 -1.937  0.000E+00  0.000E+00
 -1.927  0.000E+00  0.000E+00
 -1.917  0.000E+00  0.000E+00
 -1.907  0.000E+00  0.000E+00
 -1.897  0.000E+00  0.000E+00
 -1.887  0.000E+00  0.000E+00
 -1.877  0.000E+00  0.000E+00
 -1.867  0.000E+00  0.000E+00
 -1.857  0.000E+00  0.000E+00
 -1.847  0.000E+00  0.000E+00
 -1.837  0.000E+00  0.000E+00
 -1.827  0.000E+00  0.000E+00
 -1.817  0.000E+00  0.000E+00
 -1.807  0.000E+00  0.000E+00
 -1.797  0.000E+00  0.000E+00
 -1.787  0.000E+00  0.000E+00
 -1.777  0.000E+00  0.000E+00
 -1.767  0.000E+00  0.000E+00
 -1.757  0.000E+00  0.000E+00
 -1.747  0.000E+00  0.000E+00
 -1.737  0.000E+00  0.000E+00
 -1.727  0.000E+00  0.000E+00
 -1.717  0.000E+00  0.000E+00
 -1.707  0.000E+00  0.000E+00
 -1.697  0.000E+00  0.000E+00
 -1.687  0.000E+00  0.000E+00
 -1.677  0.000E+00  0.000E+00
 -1.667  0.000E+00  0.000E+00
 -1.657  0.000E+00  0.000E+00
 -1.647  0.000E+00  0.000E+00
 -1.637  0.000E+00  0.000E+00
 -1.627  0.000E+00  0.000E+00
 -1.617  0.000E+00  0.000E+00
 -1.607  0.000E+00  0.000E+00
 -1.597  0.000E+00  0.000E+00
 -1.587  0.000E+00  0.000E+00
 -1.577  0.000E+00  0.000E+00
 -1.567  0.000E+00  0.000E+00
 -1.557  0.000E+00  0.000E+00
 -1.547  0.000E+00  0.000E+00
 -1.537  0.000E+00  0.000E+00
 -1.527  0.000E+00  0.000E+00
 -1.517  0.000E+00  0.000E+00
 -1.507  0.000E+00  0.000E+00
 -1.497  0.000E+00  0.000E+00
 -1.487  0.000E+00  0.000E+00
 -1.477  0.000E+00  0.000E+00
 -1.467  0.000E+00  0.000E+00
 -1.457  0.000E+00  0.000E+00
 -1.447  0.000E+00  0.000E+00
 -1.437  0.000E+00  0.000E+00
 -1.427  0.000E+00  0.000E+00
 -1.417  0.000E+00  0.000E+00
 -1.407  0.000E+00  0.000E+00
 -1.397  0.000E+00  0.000E+00
 -1.387  0.000E+00  0.000E+00
 -1.377  0.000E+00  0.000E+00
 -1.367  0.000E+00  0.000E+00
 -1.357  0.000E+00  0.000E+00
 -1.347  0.000E+00  0.000E+00
 -1.337  0.000E+00  0.000E+00
 -1.327  0.000E+00  0.000E+00
 -1.317  0.000E+00  0.000E+00
 -1.307  0.000E+00  0.000E+00
 -1.297  0.000E+00  0.000E+00
 -1.287  0.000E+00  0.000E+00
 -1.277  0.000E+00  0.000E+00
 -1.267  0.000E+00  0.000E+00
 -1.257  0.000E+00  0.000E+00
 -1.247  0.000E+00  0.000E+00
 -1.237  0.000E+00  0.000E+00
 -1.227  0.000E+00  0.000E+00
 -1.217  0.000E+00  0.000E+00
 -1.207  0.000E+00  0.000E+00
 -1.197  0.000E+00  0.000E+00
 -1.187  0.000E+00  0.000E+00
 -1.177  0.000E+00  0.000E+00
 -1.167  0.000E+00  0.000E+00
 -1.157  0.000E+00  0.000E+00
 -1.147  0.000E+00  0.000E+00
 -1.137  0.000E+00  0.000E+00
 -1.127  0.000E+00  0.000E+00
 -1.117  0.000E+00  0.000E+00
 -1.107  0.000E+00  0.000E+00
 -1.097  0.000E+00  0.000E+00
 -1.087  0.000E+00  0.000E+00
 -1.077  0.000E+00  0.000E+00
 -1.067  0.000E+00  0.000E+00
 -1.057  0.000E+00  0.000E+00
 -1.047  0.000E+00  0.000E+00
 -1.037  0.000E+00  0.000E+00
 -1.027  0.000E+00  0.000E+00
 -1.017  0.000E+00  0.000E+00
 -1.007  0.000E+00  0.000E+00
 -0.997  0.000E+00  0.000E+00
 -0.987  0.000E+00  0.000E+00
 -0.977  0.000E+00  0.000E+00
 -0.967  0.000E+00  0.000E+00
 -0.957  0.000E+00  0.000E+00
 -0.947  0.000E+00  0.000E+00
 -0.937  0.000E+00  0.000E+00
 -0.927  0.000E+00  0.000E+00
 -0.917  0.000E+00  0.000E+00
 -0.907  0.000E+00  0.000E+00
 -0.897  0.000E+00  0.000E+00
 -0.887  0.000E+00  0.000E+00
 -0.877  0.000E+00  0.000E+00
 -0.867  0.000E+00  0.000E+00
 -0.857  0.000E+00  0.000E+00
 -0.847  0.000E+00  0.000E+00
 -0.837  0.000E+00  0.000E+00
 -0.827  0.000E+00  0.000E+00
 -0.817  0.000E+00  0.000E+00
 -0.807  0.000E+00  0.000E+00
 -0.797  0.000E+00  0.000E+00
 -0.787  0.000E+00  0.000E+00
 -0.777  0.000E+00  0.000E+00
 -0.767  0.000E+00  0.000E+00
 -0.757  0.000E+00  0.000E+00
 -0.747  0.000E+00  0.000E+00
 -0.737  0.000E+00  0.000E+00
 -0.727  0.000E+00  0.000E+00
 -0.717  0.000E+00  0.000E+00
 -0.707  0.000E+00  0.000E+00
 -0.697  0.000E+00  0.000E+00
 -0.687  0.000E+00  0.000E+00
 -0.677  0.000E+00  0.000E+00
 -0.667  0.000E+00  0.000E+00
 -0.657  0.000E+00  0.000E+00
 -0.647  0.000E+00  0.000E+00
 -0.637  0.000E+00  0.000E+00
 -0.627  0.000E+00  0.000E+00
 -0.617  0.000E+00  0.000E+00
 -0.607  0.000E+00  0.000E+00
 -0.597  0.000E+00  0.000E+00
 -0.587  0.000E+00  0.000E+00
 -0.577  0.000E+00  0.000E+00
 -0.567  0.000E+00  0.000E+00
 -0.557  0.000E+00  0.000E+00
 -0.547  0.000E+00  0.000E+00
 -0.537  0.000E+00  0.000E+00
 -0.527  0.000E+00  0.000E+00
 -0.517  0.000E+00  0.000E+00
 -0.507  0.000E+00  0.000E+00
 -0.497  0.000E+00  0.000E+00
 -0.487  0.000E+00  0.000E+00
 -0.477  0.000E+00  0.000E+00
 -0.467  0.000E+00  0.000E+00
 -0.457  0.000E+00  0.000E+00
 -0.447  0.000E+00  0.000E+00
 -0.437  0.000E+00  0.000E+00
 -0.427  0.000E+00  0.000E+00
 -0.417  0.000E+00  0.000E+00
 -0.407  0.000E+00  0.000E+00
 -0.397  0.000E+00  0.000E+00
 -0.387  0.000E+00  0.000E+00
 -0.377  0.000E+00  0.000E+00
 -0.367  0.000E+00  0.000E+00
 -0.357  0.000E+00  0.000E+00
 -0.347  0.000E+00  0.000E+00
 -0.337  0.000E+00  0.000E+00
 -0.327  0.000E+00  0.000E+00
 -0.317  0.000E+00  0.000E+00
 -0.307  0.000E+00  0.000E+00
 -0.297  0.000E+00  0.000E+00
 -0.287  0.000E+00  0.000E+00
 -0.277  0.000E+00  0.000E+00
 -0.267  0.000E+00  0.000E+00
 -0.257  0.000E+00  0.000E+00
 -0.247  0.000E+00  0.000E+00
 -0.237  0.000E+00  0.000E+00
 -0.227  0.000E+00  0.000E+00
 -0.217  0.000E+00  0.000E+00
 -0.207  0.000E+00  0.000E+00
 -0.197  0.000E+00  0.000E+00
 -0.187  0.000E+00  0.000E+00
 -0.177  0.000E+00  0.000E+00
 -0.167  0.000E+00  0.000E+00
 -0.157  0.000E+00  0.000E+00
 -0.147  0.000E+00  0.000E+00
 -0.137  0.000E+00  0.000E+00
 -0.127  0.000E+00  0.000E+00
 -0.117  0.000E+00  0.000E+00
 -0.107  0.000E+00  0.000E+00
 -0.097  0.000E+00  0.000E+00
 -0.087  0.000E+00  0.000E+00
 -0.077  0.000E+00  0.000E+00
 -0.067  0.000E+00  0.000E+00
 -0.057  0.000E+00  0.000E+00
 -0.047  0.000E+00  0.000E+00
 -0.037  0.000E+00  0.000E+00
 -0.027  0.000E+00  0.000E+00
 -0.017  0.000E+00  0.000E+00
 -0.007  0.000E+00  0.000E+00
  0.003  0.000E+00  0.000E+00
  0.013  0.000E+00  0.000E+00
  0.023  0.000E+00  0.000E+00
  0.033  0.000E+00  0.000E+00
  0.043  0.000E+00  0.000E+00
  0.053  0.000E+00  0.000E+00
  0.063  0.000E+00  0.000E+00
  0.073  0.000E+00  0.000E+00
  0.083  0.000E+00  0.000E+00
  0.093  0.000E+00  0.000E+00
  0.103  0.000E+00  0.000E+00
  0.113  0.000E+00  0.000E+00
  0.123  0.000E+00  0.000E+00
  0.133  0.000E+00  0.000E+00
  0.143  0.000E+00  0.000E+00
  0.153  0.000E+00  0.000E+00
  0.163  0.000E+00  0.000E+00
  0.173  0.000E+00  0.000E+00
  0.183  0.000E+00  0.000E+00
  0.193  0.000E+00  0.000E+00
  0.203  0.000E+00  0.000E+00
  0.213  0.000E+00  0.000E+00
  0.223  0.000E+00  0.000E+00
  0.233  0.000E+00  0.000E+00
  0.243  0.000E+00  0.000E+00
  0.253  0.000E+00  0.000E+00
  0.263  0.000E+00  0.000E+00
  0.273  0.000E+00  0.000E+00
  0.283  0.000E+00  0.000E+00
  0.293  0.000E+00  0.000E+00
  0.303  0.000E+00  0.000E+00
  0.313  0.000E+00  0.000E+00
  0.323  0.000E+00  0.000E+00
  0.333  0.000E+00  0.000E+00
  0.343  0.000E+00  0.000E+00
  0.353  0.000E+00  0.000E+00
  0.363  0.000E+00  0.000E+00
  0.373  0.000E+00  0.000E+00
  0.383  0.000E+00  0.000E+00
  0.393  0.000E+00  0.000E+00
  0.403  0.000E+00  0.000E+00
  0.413  0.000E+00  0.000E+00
  0.423  0.000E+00  0.000E+00
  0.433  0.000E+00  0.000E+00
  0.443  0.000E+00  0.000E+00
  0.453  0.000E+00  0.000E+00
  0.463  0.000E+00  0.000E+00
  0.473  0.000E+00  0.000E+00
  0.483  0.000E+00  0.000E+00
  0.493  0.524E+02  0.523E+02
  0.503  0.288E+02  0.288E+02
  0.513  0.169E+02  0.169E+02
  0.523  0.124E+02  0.124E+02
  0.533  0.000E+00  0.000E+00
  0.543  0.000E+00  0.000E+00
  0.553  0.000E+00  0.000E+00
  0.563  0.000E+00  0.000E+00
  0.573  0.000E+00  0.000E+00
  0.583  0.000E+00  0.000E+00
  0.593  0.000E+00  0.000E+00
  0.603  0.000E+00  0.000E+00
  0.613  0.000E+00  0.000E+00
  0.623  0.000E+00  0.000E+00
  0.633  0.000E+00  0.000E+00
  0.643  0.000E+00  0.000E+00
  0.653  0.000E+00  0.000E+00
  0.663  0.000E+00  0.000E+00
  0.673  0.000E+00  0.000E+00
  0.683  0.000E+00  0.000E+00
  0.693  0.000E+00  0.000E+00
  0.703  0.000E+00  0.000E+00
  0.713  0.000E+00  0.000E+00
  0.723  0.000E+00  0.000E+00
  0.733  0.000E+00  0.000E+00
  0.743  0.000E+00  0.000E+00
  0.753  0.000E+00  0.000E+00
  0.763  0.000E+00  0.000E+00
  0.773  0.000E+00  0.000E+00
  0.783  0.000E+00  0.000E+00
  0.793  0.000E+00  0.000E+00
  0.803  0.000E+00  0.000E+00
  0.813  0.000E+00  0.000E+00
  0.823  0.000E+00  0.000E+00
  0.833  0.000E+00  0.000E+00
  0.843  0.000E+00  0.000E+00
  0.853  0.000E+00  0.000E+00
  0.863  0.000E+00  0.000E+00
  0.873  0.000E+00  0.000E+00
  0.883  0.000E+00  0.000E+00
  0.893  0.000E+00  0.000E+00
  0.903  0.000E+00  0.000E+00
  0.913  0.000E+00  0.000E+00
  0.923  0.000E+00  0.000E+00
  0.933  0.000E+00  0.000E+00
  0.943  0.000E+00  0.000E+00
  0.953  0.000E+00  0.000E+00
  0.963  0.000E+00  0.000E+00
  0.973  0.000E+00  0.000E+00
  0.983  0.000E+00  0.000E+00
  0.993  0.000E+00  0.000E+00
  1.003  0.000E+00  0.000E+00
  1.013  0.000E+00  0.000E+00
  1.023  0.000E+00  0.000E+00
  1.033  0.000E+00  0.000E+00
  1.043  0.000E+00  0.000E+00
  1.053  0.000E+00  0.000E+00
  1.063  0.000E+00  0.000E+00
  1.073  0.000E+00  0.000E+00
  1.083  0.000E+00  0.000E+00
  1.093  0.000E+00  0.000E+00
  1.103  0.000E+00  0.000E+00
  1.113  0.000E+00  0.000E+00
  1.123  0.000E+00  0.000E+00
  1.133  0.000E+00  0.000E+00
  1.143  0.000E+00  0.000E+00
  1.153  0.000E+00  0.000E+00
  1.163  0.000E+00  0.000E+00
  1.173  0.000E+00  0.000E+00
  1.183  0.000E+00  0.000E+00
  1.193  0.000E+00  0.000E+00
  1.203  0.000E+00  0.000E+00
  1.213  0.000E+00  0.000E+00
  1.223  0.000E+00  0.000E+00
  1.233  0.000E+00  0.000E+00
  1.243  0.000E+00  0.000E+00
  1.253  0.000E+00  0.000E+00
  1.263  0.000E+00  0.000E+00
  1.273  0.000E+00  0.000E+00
  1.283  0.000E+00  0.000E+00
  1.293  0.000E+00  0.000E+00
  1.303  0.000E+00  0.000E+00
  1.313  0.000E+00  0.000E+00
  1.323  0.000E+00  0.000E+00
  1.333  0.000E+00  0.000E+00
  1.343  0.000E+00  0.000E+00
  1.353  0.000E+00  0.000E+00
  1.363  0.000E+00  0.000E+00
  1.373  0.000E+00  0.000E+00
  1.383  0.000E+00  0.000E+00
  1.393  0.000E+00  0.000E+00
  1.403  0.000E+00  0.000E+00
  1.413  0.000E+00  0.000E+00
  1.423  0.000E+00  0.000E+00
  1.433  0.000E+00  0.000E+00
  1.443  0.000E+00  0.000E+00
  1.453  0.000E+00  0.000E+00
  1.463  0.000E+00  0.000E+00
  1.473  0.000E+00  0.000E+00
  1.483  0.000E+00  0.000E+00
  1.493  0.000E+00  0.000E+00
  1.503  0.000E+00  0.000E+00
  1.513  0.000E+00  0.000E+00
  1.523  0.000E+00  0.000E+00
  1.533  0.000E+00  0.000E+00
  1.543  0.000E+00  0.000E+00
  1.553  0.000E+00  0.000E+00
  1.563  0.000E+00  0.000E+00
  1.573  0.000E+00  0.000E+00
  1.583  0.000E+00  0.000E+00
  1.593  0.000E+00  0.000E+00
  1.603  0.000E+00  0.000E+00
  1.613  0.000E+00  0.000E+00
  1.623  0.000E+00  0.000E+00
  1.633  0.000E+00  0.000E+00
  1.643  0.000E+00  0.000E+00
  1.653  0.000E+00  0.000E+00
  1.663  0.000E+00  0.000E+00
  1.673  0.000E+00  0.000E+00
  1.683  0.000E+00  0.000E+00
  1.693  0.000E+00  0.000E+00
  1.703  0.000E+00  0.000E+00
  1.713  0.000E+00  0.000E+00
  1.723  0.000E+00  0.000E+00
  1.733  0.000E+00  0.000E+00
  1.743  0.000E+00  0.000E+00
  1.753  0.000E+00  0.000E+00
  1.763  0.000E+00  0.000E+00
  1.773  0.000E+00  0.000E+00
  1.783  0.000E+00  0.000E+00
  1.793  0.000E+00  0.000E+00
  1.803  0.000E+00  0.000E+00
  1.813  0.000E+00  0.000E+00
  1.823  0.000E+00  0.000E+00
  1.833  0.000E+00  0.000E+00
  1.843  0.000E+00  0.000E+00
  1.853  0.000E+00  0.000E+00
  1.863  0.000E+00  0.000E+00
  1.873  0.000E+00  0.000E+00
  1.883  0.000E+00  0.000E+00
  1.893  0.000E+00  0.000E+00
  1.903  0.000E+00  0.000E+00
  1.913  0.000E+00  0.000E+00
  1.923  0.000E+00  0.000E+00
  1.933  0.000E+00  0.000E+00
  1.943  0.000E+00  0.000E+00
  1.953  0.000E+00  0.000E+00
  1.963  0.000E+00  0.000E+00
  1.973  0.000E+00  0.000E+00
  1.983  0.000E+00  0.000E+00
  1.993  0.000E+00  0.000E+00
  2.003  0.000E+00  0.000E+00
  2.013  0.000E+00  0.000E+00
  2.023  0.000E+00  0.000E+00
  2.033  0.000E+00  0.000E+00
  2.043  0.000E+00  0.000E+00
  2.053  0.000E+00  0.000E+00
  2.063  0.000E+00  0.000E+00
  2.073  0.000E+00  0.000E+00
  2.083  0.000E+00  0.000E+00
  2.093  0.000E+00  0.000E+00
  2.103  0.000E+00  0.000E+00
  2.113  0.000E+00  0.000E+00
  2.123  0.000E+00  0.000E+00
  2.133  0.000E+00  0.000E+00
  2.143  0.000E+00  0.000E+00
  2.153  0.000E+00  0.000E+00
  2.163  0.000E+00  0.000E+00
  2.173  0.000E+00  0.000E+00
  2.183  0.000E+00  0.000E+00
  2.193  0.000E+00  0.000E+00
  2.203  0.000E+00  0.000E+00
  2.213  0.000E+00  0.000E+00
  2.223  0.000E+00  0.000E+00
  2.233  0.000E+00  0.000E+00
  2.243  0.111E+00  0.111E+00
  2.253  0.381E+00  0.381E+00
  2.263  0.626E+00  0.626E+00
  2.273  0.904E+00  0.904E+00
  2.283  0.122E+01  0.122E+01
  2.293  0.156E+01  0.156E+01
  2.303  0.195E+01  0.195E+01
  2.313  0.238E+01  0.238E+01
  2.323  0.286E+01  0.286E+01
  2.333  0.350E+01  0.350E+01
  2.343  0.442E+01  0.442E+01
  2.353  0.573E+01  0.573E+01
  2.363  0.807E+01  0.807E+01
  2.373  0.954E+01  0.954E+01
  2.383  0.997E+01  0.997E+01
  2.393  0.976E+01  0.976E+01
  2.403  0.972E+01  0.972E+01
  2.413  0.977E+01  0.977E+01
  2.423  0.977E+01  0.977E+01
  2.433  0.894E+01  0.894E+01
  2.443  0.657E+01  0.657E+01
  2.453  0.631E+01  0.631E+01
  2.463  0.633E+01  0.633E+01
  2.473  0.694E+01  0.694E+01
  2.483  0.751E+01  0.751E+01
  2.493  0.820E+01  0.820E+01
  2.503  0.851E+01  0.851E+01
  2.513  0.907E+01  0.907E+01
  2.523  0.103E+02  0.103E+02
  2.533  0.165E+02  0.165E+02
  2.543  0.200E+02  0.200E+02
  2.553  0.189E+02  0.189E+02
  2.563  0.135E+02  0.135E+02
  2.573  0.124E+02  0.124E+02
  2.583  0.115E+02  0.115E+02
  2.593  0.105E+02  0.105E+02
  2.603  0.899E+01  0.899E+01
  2.613  0.106E+02  0.106E+02
  2.623  0.264E+01  0.264E+01
  2.633  0.000E+00  0.000E+00
  2.643  0.000E+00  0.000E+00
  2.653  0.135E+00  0.135E+00
  2.663  0.654E+00  0.654E+00
  2.673  0.159E+01  0.159E+01
  2.683  0.281E+01  0.281E+01
  2.693  0.393E+01  0.393E+01
  2.703  0.459E+01  0.459E+01
  2.713  0.490E+01  0.490E+01
  2.723  0.511E+01  0.511E+01
  2.733  0.515E+01  0.515E+01
  2.743  0.576E+01  0.576E+01
  2.753  0.913E+01  0.913E+01
  2.763  0.980E+01  0.980E+01
  2.773  0.110E+02  0.110E+02
  2.783  0.120E+02  0.120E+02
  2.793  0.143E+02  0.143E+02
  2.803  0.173E+02  0.173E+02
  2.813  0.185E+02  0.185E+02
  2.823  0.196E+02  0.196E+02
  2.833  0.230E+02  0.230E+02
  2.843  0.240E+02  0.240E+02
  2.853  0.145E+02  0.145E+02
  2.863  0.142E+02  0.142E+02
  2.873  0.125E+02  0.125E+02
  2.883  0.155E+02  0.155E+02
  2.893  0.151E+02  0.151E+02
  2.903  0.194E+02  0.194E+02
  2.913  0.168E+02  0.168E+02
  2.923  0.197E+02  0.197E+02
  2.933  0.195E+02  0.195E+02
  2.943  0.189E+02  0.189E+02
  2.953  0.194E+02  0.194E+02
  2.963  0.224E+02  0.224E+02
  2.973  0.213E+02  0.213E+02
  2.983  0.212E+02  0.212E+02
  2.993  0.234E+02  0.234E+02
  3.003  0.231E+02  0.231E+02
  3.013  0.227E+02  0.227E+02
  3.023  0.220E+02  0.220E+02
  3.033  0.250E+02  0.250E+02
  3.043  0.258E+02  0.258E+02
  3.053  0.269E+02  0.269E+02
  3.063  0.284E+02  0.284E+02
  3.073  0.288E+02  0.288E+02
  3.083  0.282E+02  0.282E+02
  3.093  0.282E+02  0.282E+02
  3.103  0.295E+02  0.295E+02
  3.113  0.312E+02  0.312E+02
  3.123  0.322E+02  0.322E+02
  3.133  0.314E+02  0.314E+02
  3.143  0.296E+02  0.296E+02
  3.153  0.285E+02  0.285E+02
  3.163  0.265E+02  0.265E+02
  3.173  0.264E+02  0.264E+02
  3.183  0.290E+02  0.290E+02
  3.193  0.306E+02  0.306E+02
  3.203  0.294E+02  0.294E+02
  3.213  0.292E+02  0.292E+02
  3.223  0.284E+02  0.284E+02
  3.233  0.261E+02  0.261E+02
  3.243  0.364E+02  0.364E+02
  3.253  0.387E+02  0.387E+02
  3.263  0.354E+02  0.354E+02
  3.273  0.379E+02  0.379E+02
  3.283  0.366E+02  0.366E+02
  3.293  0.361E+02  0.361E+02
  3.303  0.376E+02  0.376E+02
  3.313  0.382E+02  0.382E+02
  3.323  0.338E+02  0.338E+02
  3.333  0.346E+02  0.346E+02
  3.343  0.366E+02  0.366E+02
  3.353  0.372E+02  0.372E+02
  3.363  0.352E+02  0.352E+02
  3.373  0.332E+02  0.332E+02
  3.383  0.341E+02  0.341E+02
  3.393  0.347E+02  0.347E+02
  3.403  0.343E+02  0.343E+02
  3.413  0.364E+02  0.364E+02
  3.423  0.368E+02  0.368E+02
  3.433  0.362E+02  0.362E+02
  3.443  0.366E+02  0.366E+02
  3.453  0.366E+02  0.366E+02
  3.463  0.327E+02  0.327E+02
  3.473  0.278E+02  0.278E+02
  3.483  0.294E+02  0.294E+02
  3.493  0.303E+02  0.303E+02
  3.503  0.312E+02  0.312E+02
  3.513  0.259E+02  0.259E+02
  3.523  0.257E+02  0.257E+02
  3.533  0.316E+02  0.316E+02
  3.543  0.269E+02  0.269E+02
  3.553  0.282E+02  0.282E+02
  3.563  0.288E+02  0.288E+02
  3.573  0.322E+02  0.322E+02
  3.583  0.302E+02  0.302E+02
  3.593  0.292E+02  0.292E+02
  3.603  0.257E+02  0.257E+02
  3.613  0.239E+02  0.239E+02
  3.623  0.226E+02  0.226E+02
  3.633  0.225E+02  0.225E+02
  3.643  0.260E+02  0.260E+02
  3.653  0.245E+02  0.245E+02
  3.663  0.230E+02  0.230E+02
  3.673  0.218E+02  0.218E+02
  3.683  0.207E+02  0.207E+02
  3.693  0.190E+02  0.190E+02
  3.703  0.192E+02  0.192E+02
  3.713  0.175E+02  0.175E+02
  3.723  0.161E+02  0.161E+02
  3.733  0.177E+02  0.177E+02
  3.743  0.169E+02  0.169E+02
  3.753  0.152E+02  0.152E+02
  3.763  0.166E+02  0.166E+02
  3.773  0.170E+02  0.170E+02
  3.783  0.123E+02  0.123E+02
  3.793  0.109E+02  0.109E+02
  3.803  0.143E+02  0.143E+02
  3.813  0.201E+02  0.201E+02
  3.823  0.214E+02  0.214E+02
  3.833  0.245E+02  0.245E+02
  3.843  0.329E+02  0.329E+02
  3.853  0.249E+02  0.249E+02
  3.863  0.189E+02  0.189E+02
  3.873  0.179E+02  0.179E+02
  3.883  0.157E+02  0.157E+02
  3.893  0.164E+02  0.164E+02
  3.903  0.177E+02  0.177E+02
  3.913  0.175E+02  0.175E+02
  3.923  0.178E+02  0.178E+02
  3.933  0.174E+02  0.174E+02
  3.943  0.174E+02  0.174E+02
  3.953  0.174E+02  0.174E+02
  3.963  0.175E+02  0.175E+02
  3.973  0.178E+02  0.178E+02
  3.983  0.182E+02  0.182E+02
  3.993  0.174E+02  0.174E+02
  4.003  0.218E+02  0.218E+02
  4.013  0.231E+02  0.231E+02
  4.023  0.218E+02  0.218E+02
  4.033  0.206E+02  0.206E+02
  4.043  0.192E+02  0.192E+02
  4.053  0.227E+02  0.227E+02
  4.063  0.241E+02  0.241E+02
  4.073  0.205E+02  0.205E+02
  4.083  0.184E+02  0.184E+02
  4.093  0.171E+02  0.171E+02
  4.103  0.214E+02  0.214E+02
  4.113  0.306E+02  0.306E+02
  4.123  0.176E+02  0.176E+02
  4.133  0.146E+02  0.146E+02
  4.143  0.141E+02  0.141E+02
  4.153  0.176E+02  0.176E+02
  4.163  0.242E+02  0.242E+02
  4.173  0.209E+02  0.209E+02
  4.183  0.163E+02  0.163E+02
  4.193  0.135E+02  0.135E+02
  4.203  0.126E+02  0.126E+02
  4.213  0.128E+02  0.128E+02
  4.223  0.139E+02  0.139E+02
  4.233  0.149E+02  0.149E+02
  4.243  0.160E+02  0.160E+02
  4.253  0.168E+02  0.168E+02
  4.263  0.170E+02  0.170E+02
  4.273  0.164E+02  0.164E+02
  4.283  0.169E+02  0.169E+02
  4.293  0.170E+02  0.170E+02
  4.303  0.154E+02  0.154E+02
  4.313  0.139E+02  0.139E+02
  4.323  0.129E+02  0.129E+02
  4.333  0.125E+02  0.125E+02
  4.343  0.142E+02  0.142E+02
  4.353  0.119E+02  0.119E+02
  4.363  0.114E+02  0.114E+02
  4.373  0.118E+02  0.118E+02
  4.383  0.147E+02  0.147E+02
  4.393  0.138E+02  0.138E+02
  4.403  0.123E+02  0.123E+02
  4.413  0.109E+02  0.109E+02
  4.423  0.980E+01  0.980E+01
  4.433  0.110E+02  0.110E+02
  4.443  0.113E+02  0.113E+02
  4.453  0.115E+02  0.115E+02
  4.463  0.109E+02  0.109E+02
  4.473  0.108E+02  0.108E+02
  4.483  0.105E+02  0.105E+02
  4.493  0.109E+02  0.109E+02
  4.503  0.115E+02  0.115E+02
  4.513  0.123E+02  0.123E+02
  4.523  0.139E+02  0.139E+02
  4.533  0.137E+02  0.137E+02
  4.543  0.130E+02  0.130E+02
  4.553  0.142E+02  0.142E+02
  4.563  0.133E+02  0.133E+02
  4.573  0.132E+02  0.132E+02
  4.583  0.134E+02  0.134E+02
  4.593  0.131E+02  0.131E+02
  4.603  0.130E+02  0.130E+02
  4.613  0.132E+02  0.132E+02
  4.623  0.136E+02  0.136E+02
  4.633  0.141E+02  0.141E+02
  4.643  0.146E+02  0.146E+02
  4.653  0.152E+02  0.152E+02
  4.663  0.156E+02  0.156E+02
  4.673  0.146E+02  0.146E+02
  4.683  0.144E+02  0.144E+02
  4.693  0.143E+02  0.143E+02
  4.703  0.139E+02  0.139E+02
  4.713  0.134E+02  0.134E+02
  4.723  0.131E+02  0.131E+02
  4.733  0.136E+02  0.136E+02
  4.743  0.141E+02  0.141E+02
  4.753  0.147E+02  0.147E+02
  4.763  0.147E+02  0.147E+02
  4.773  0.147E+02  0.147E+02
  4.783  0.145E+02  0.145E+02
  4.793  0.141E+02  0.141E+02
  4.803  0.138E+02  0.138E+02
  4.813  0.135E+02  0.135E+02
  4.823  0.147E+02  0.147E+02
  4.833  0.160E+02  0.160E+02
  4.843  0.142E+02  0.142E+02
  4.853  0.137E+02  0.137E+02
  4.863  0.132E+02  0.132E+02
  4.873  0.128E+02  0.128E+02
  4.883  0.125E+02  0.125E+02
  4.893  0.122E+02  0.122E+02
  4.903  0.120E+02  0.120E+02
  4.913  0.119E+02  0.119E+02
  4.923  0.118E+02  0.118E+02
  4.933  0.118E+02  0.118E+02
  4.943  0.121E+02  0.121E+02
  4.953  0.123E+02  0.123E+02
  4.963  0.125E+02  0.125E+02
  4.973  0.128E+02  0.128E+02
  4.983  0.132E+02  0.132E+02
  4.993  0.141E+02  0.141E+02
  5.003  0.136E+02  0.136E+02
  5.013  0.135E+02  0.135E+02
  5.023  0.137E+02  0.137E+02
  5.033  0.147E+02  0.147E+02
  5.043  0.156E+02  0.156E+02
  5.053  0.165E+02  0.165E+02
  5.063  0.171E+02  0.171E+02
  5.073  0.169E+02  0.169E+02
  5.083  0.180E+02  0.180E+02
  5.093  0.187E+02  0.187E+02
  5.103  0.190E+02  0.190E+02
  5.113  0.192E+02  0.192E+02
  5.123  0.194E+02  0.194E+02
  5.133  0.198E+02  0.198E+02
  5.143  0.191E+02  0.191E+02
  5.153  0.185E+02  0.185E+02
  5.163  0.192E+02  0.192E+02
  5.173  0.198E+02  0.198E+02
  5.183  0.197E+02  0.197E+02
  5.193  0.195E+02  0.195E+02
  5.203  0.193E+02  0.193E+02
  5.213  0.199E+02  0.199E+02
  5.223  0.212E+02  0.212E+02
  5.233  0.220E+02  0.220E+02
  5.243  0.203E+02  0.203E+02
  5.253  0.190E+02  0.190E+02
  5.263  0.174E+02  0.174E+02
  5.273  0.171E+02  0.171E+02
  5.283  0.173E+02  0.173E+02
  5.293  0.178E+02  0.178E+02
  5.303  0.201E+02  0.201E+02
  5.313  0.214E+02  0.214E+02
  5.323  0.221E+02  0.221E+02
  5.333  0.220E+02  0.220E+02
  5.343  0.217E+02  0.217E+02
  5.353  0.216E+02  0.216E+02
  5.363  0.215E+02  0.215E+02
  5.373  0.209E+02  0.209E+02
  5.383  0.218E+02  0.218E+02
  5.393  0.212E+02  0.212E+02
  5.403  0.197E+02  0.197E+02
  5.413  0.199E+02  0.199E+02
  5.423  0.196E+02  0.196E+02
  5.433  0.201E+02  0.201E+02
  5.443  0.205E+02  0.205E+02
  5.453  0.185E+02  0.185E+02
  5.463  0.183E+02  0.183E+02
  5.473  0.185E+02  0.185E+02
  5.483  0.181E+02  0.181E+02
  5.493  0.182E+02  0.182E+02
  5.503  0.185E+02  0.185E+02
  5.513  0.189E+02  0.189E+02
  5.523  0.194E+02  0.194E+02
  5.533  0.198E+02  0.198E+02
  5.543  0.187E+02  0.187E+02
  5.553  0.189E+02  0.189E+02
  5.563  0.192E+02  0.192E+02
  5.573  0.198E+02  0.198E+02
  5.583  0.194E+02  0.194E+02
  5.593  0.190E+02  0.190E+02
  5.603  0.187E+02  0.187E+02
  5.613  0.186E+02  0.186E+02
  5.623  0.186E+02  0.186E+02
  5.633  0.188E+02  0.188E+02
  5.643  0.190E+02  0.190E+02
  5.653  0.189E+02  0.189E+02
  5.663  0.195E+02  0.195E+02
  5.673  0.193E+02  0.193E+02
  5.683  0.193E+02  0.193E+02
  5.693  0.195E+02  0.195E+02
  5.703  0.196E+02  0.196E+02
  5.713  0.199E+02  0.199E+02
  5.723  0.204E+02  0.204E+02
  5.733  0.213E+02  0.213E+02
  5.743  0.216E+02  0.216E+02
  5.753  0.219E+02  0.219E+02
  5.763  0.218E+02  0.218E+02
  5.773  0.213E+02  0.213E+02
  5.783  0.215E+02  0.215E+02
  5.793  0.213E+02  0.213E+02
  5.803  0.212E+02  0.212E+02
  5.813  0.218E+02  0.218E+02
  5.823  0.227E+02  0.227E+02
  5.833  0.209E+02  0.209E+02
  5.843  0.196E+02  0.196E+02
  5.853  0.188E+02  0.188E+02
  5.863  0.190E+02  0.190E+02
  5.873  0.194E+02  0.194E+02
  5.883  0.195E+02  0.195E+02
  5.893  0.193E+02  0.193E+02
  5.903  0.201E+02  0.201E+02
  5.913  0.200E+02  0.200E+02
  5.923  0.202E+02  0.202E+02
  5.933  0.203E+02  0.203E+02
  5.943  0.203E+02  0.203E+02
  5.953  0.213E+02  0.213E+02
  5.963  0.215E+02  0.215E+02
  5.973  0.215E+02  0.215E+02
  5.983  0.221E+02  0.221E+02
  5.993  0.237E+02  0.237E+02
  6.003  0.241E+02  0.241E+02
  6.013  0.237E+02  0.237E+02
  6.023  0.240E+02  0.240E+02
  6.033  0.240E+02  0.240E+02
  6.043  0.244E+02  0.244E+02
  6.053  0.239E+02  0.239E+02
  6.063  0.237E+02  0.237E+02
  6.073  0.238E+02  0.238E+02
  6.083  0.238E+02  0.238E+02
  6.093  0.235E+02  0.235E+02
  6.103  0.235E+02  0.235E+02
  6.113  0.226E+02  0.226E+02
  6.123  0.233E+02  0.233E+02
  6.133  0.239E+02  0.239E+02
  6.143  0.211E+02  0.211E+02
  6.153  0.208E+02  0.208E+02
  6.163  0.219E+02  0.219E+02
  6.173  0.209E+02  0.209E+02
  6.183  0.199E+02  0.199E+02
  6.193  0.200E+02  0.200E+02
  6.203  0.220E+02  0.220E+02
  6.213  0.223E+02  0.223E+02
  6.223  0.224E+02  0.224E+02
  6.233  0.212E+02  0.212E+02
  6.243  0.241E+02  0.241E+02
  6.253  0.219E+02  0.219E+02
  6.263  0.237E+02  0.237E+02
  6.273  0.251E+02  0.251E+02
  6.283  0.242E+02  0.242E+02
  6.293  0.217E+02  0.217E+02
  6.303  0.218E+02  0.218E+02
  6.313  0.220E+02  0.220E+02
  6.323  0.219E+02  0.219E+02
  6.333  0.220E+02  0.220E+02
  6.343  0.227E+02  0.227E+02
  6.353  0.241E+02  0.241E+02
  6.363  0.259E+02  0.259E+02
  6.373  0.263E+02  0.263E+02
  6.383  0.249E+02  0.249E+02
  6.393  0.244E+02  0.244E+02
  6.403  0.228E+02  0.228E+02
  6.413  0.239E+02  0.239E+02
  6.423  0.238E+02  0.238E+02
  6.433  0.236E+02  0.236E+02
  6.443  0.252E+02  0.252E+02
  6.453  0.214E+02  0.214E+02
  6.463  0.229E+02  0.229E+02
  6.473  0.243E+02  0.243E+02
  6.483  0.266E+02  0.266E+02
  6.493  0.271E+02  0.271E+02
  6.503  0.285E+02  0.285E+02
  6.513  0.285E+02  0.285E+02
  6.523  0.262E+02  0.262E+02
  6.533  0.263E+02  0.263E+02
  6.543  0.267E+02  0.267E+02
  6.553  0.256E+02  0.256E+02
  6.563  0.272E+02  0.272E+02
  6.573  0.281E+02  0.281E+02
  6.583  0.278E+02  0.278E+02
  6.593  0.277E+02  0.277E+02
  6.603  0.289E+02  0.289E+02
  6.613  0.306E+02  0.306E+02
  6.623  0.310E+02  0.310E+02
  6.633  0.314E+02  0.314E+02
  6.643  0.312E+02  0.312E+02
  6.653  0.314E+02  0.314E+02
  6.663  0.322E+02  0.322E+02
  6.673  0.307E+02  0.307E+02
  6.683  0.297E+02  0.297E+02
  6.693  0.283E+02  0.283E+02
  6.703  0.277E+02  0.277E+02
  6.713  0.291E+02  0.291E+02
  6.723  0.281E+02  0.281E+02
  6.733  0.306E+02  0.306E+02
  6.743  0.248E+02  0.248E+02
  6.753  0.266E+02  0.266E+02
  6.763  0.298E+02  0.298E+02
  6.773  0.310E+02  0.310E+02
  6.783  0.307E+02  0.307E+02
  6.793  0.284E+02  0.284E+02
  6.803  0.301E+02  0.301E+02
  6.813  0.330E+02  0.330E+02
  6.823  0.334E+02  0.334E+02
  6.833  0.347E+02  0.347E+02
  6.843  0.358E+02  0.358E+02
  6.853  0.333E+02  0.333E+02
  6.863  0.337E+02  0.337E+02
  6.873  0.336E+02  0.336E+02
  6.883  0.324E+02  0.324E+02
  6.893  0.321E+02  0.321E+02
  6.903  0.333E+02  0.333E+02
  6.913  0.336E+02  0.336E+02
  6.923  0.337E+02  0.337E+02
  6.933  0.326E+02  0.326E+02
  6.943  0.331E+02  0.331E+02
  6.953  0.311E+02  0.311E+02
  6.963  0.307E+02  0.307E+02
  6.973  0.313E+02  0.313E+02
  6.983  0.305E+02  0.305E+02
  6.993  0.299E+02  0.299E+02
  7.003  0.303E+02  0.303E+02
  7.013  0.306E+02  0.306E+02
  7.023  0.309E+02  0.309E+02
  7.033  0.317E+02  0.317E+02
  7.043  0.325E+02  0.325E+02
  7.053  0.328E+02  0.328E+02
  7.063  0.328E+02  0.328E+02
  7.073  0.336E+02  0.336E+02
  7.083  0.338E+02  0.338E+02
  7.093  0.333E+02  0.333E+02
  7.103  0.339E+02  0.339E+02
  7.113  0.347E+02  0.347E+02
  7.123  0.375E+02  0.375E+02
  7.133  0.373E+02  0.373E+02
  7.143  0.356E+02  0.356E+02
  7.153  0.358E+02  0.358E+02
  7.163  0.347E+02  0.347E+02
  7.173  0.359E+02  0.359E+02
  7.183  0.380E+02  0.380E+02
  7.193  0.394E+02  0.394E+02
  7.203  0.397E+02  0.397E+02
  7.213  0.392E+02  0.392E+02
  7.223  0.397E+02  0.397E+02
  7.233  0.400E+02  0.400E+02
  7.243  0.390E+02  0.390E+02
  7.253  0.388E+02  0.388E+02
  7.263  0.396E+02  0.396E+02
  7.273  0.403E+02  0.403E+02
  7.283  0.395E+02  0.395E+02
  7.293  0.376E+02  0.376E+02
  7.303  0.371E+02  0.371E+02
  7.313  0.362E+02  0.362E+02
  7.323  0.350E+02  0.350E+02
  7.333  0.360E+02  0.360E+02
  7.343  0.355E+02  0.355E+02
  7.353  0.352E+02  0.352E+02
  7.363  0.343E+02  0.343E+02
  7.373  0.358E+02  0.358E+02
  7.383  0.357E+02  0.357E+02
  7.393  0.433E+02  0.433E+02
  7.403  0.388E+02  0.388E+02
  7.413  0.403E+02  0.403E+02
  7.423  0.404E+02  0.404E+02
  7.433  0.419E+02  0.419E+02
  7.443  0.412E+02  0.412E+02
  7.453  0.399E+02  0.399E+02
  7.463  0.390E+02  0.390E+02
  7.473  0.376E+02  0.376E+02
  7.483  0.370E+02  0.370E+02
  7.493  0.395E+02  0.395E+02
  7.503  0.414E+02  0.414E+02
  7.513  0.424E+02  0.424E+02
  7.523  0.426E+02  0.426E+02
  7.533  0.386E+02  0.386E+02
  7.543  0.343E+02  0.343E+02
  7.553  0.425E+02  0.425E+02
  7.563  0.439E+02  0.439E+02
  7.573  0.379E+02  0.379E+02
  7.583  0.423E+02  0.423E+02
  7.593  0.442E+02  0.442E+02
  7.603  0.436E+02  0.436E+02
  7.613  0.436E+02  0.436E+02
  7.623  0.465E+02  0.465E+02
  7.633  0.479E+02  0.479E+02
  7.643  0.469E+02  0.469E+02
  7.653  0.466E+02  0.466E+02
  7.663  0.456E+02  0.456E+02
  7.673  0.444E+02  0.444E+02
  7.683  0.452E+02  0.452E+02
  7.693  0.450E+02  0.450E+02
  7.703  0.452E+02  0.452E+02
  7.713  0.445E+02  0.445E+02
  7.723  0.453E+02  0.453E+02
  7.733  0.471E+02  0.471E+02
  7.743  0.490E+02  0.490E+02
  7.753  0.511E+02  0.511E+02
  7.763  0.507E+02  0.507E+02
  7.773  0.512E+02  0.512E+02
  7.783  0.525E+02  0.525E+02
  7.793  0.538E+02  0.538E+02
  7.803  0.554E+02  0.554E+02
  7.813  0.551E+02  0.551E+02
  7.823  0.535E+02  0.535E+02
  7.833  0.517E+02  0.517E+02
  7.843  0.507E+02  0.507E+02
  7.853  0.488E+02  0.488E+02
  7.863  0.473E+02  0.473E+02
  7.873  0.457E+02  0.457E+02
  7.883  0.450E+02  0.450E+02
  7.893  0.435E+02  0.435E+02
  7.903  0.429E+02  0.429E+02
  7.913  0.428E+02  0.428E+02
  7.923  0.424E+02  0.424E+02
  7.933  0.420E+02  0.420E+02
  7.943  0.418E+02  0.418E+02
  7.953  0.427E+02  0.427E+02
  7.963  0.423E+02  0.423E+02
  7.973  0.433E+02  0.433E+02
  7.983  0.435E+02  0.435E+02
  7.993  0.421E+02  0.421E+02
  8.003  0.417E+02  0.417E+02
  8.013  0.389E+02  0.389E+02
  8.023  0.380E+02  0.380E+02
  8.033  0.369E+02  0.369E+02
  8.043  0.374E+02  0.374E+02
  8.053  0.372E+02  0.372E+02
  8.063  0.353E+02  0.353E+02
  8.073  0.339E+02  0.339E+02
  8.083  0.334E+02  0.334E+02
  8.093  0.333E+02  0.333E+02
  8.103  0.370E+02  0.370E+02
  8.113  0.373E+02  0.373E+02
  8.123  0.369E+02  0.369E+02
  8.133  0.395E+02  0.395E+02
  8.143  0.405E+02  0.405E+02
  8.153  0.391E+02  0.391E+02
  8.163  0.386E+02  0.386E+02
  8.173  0.376E+02  0.376E+02
  8.183  0.343E+02  0.343E+02
  8.193  0.339E+02  0.339E+02
  8.203  0.341E+02  0.341E+02
  8.213  0.339E+02  0.339E+02
  8.223  0.340E+02  0.340E+02
  8.233  0.320E+02  0.320E+02
  8.243  0.322E+02  0.322E+02
  8.253  0.281E+02  0.281E+02
  8.263  0.240E+02  0.240E+02
  8.273  0.223E+02  0.223E+02
  8.283  0.210E+02  0.210E+02
  8.293  0.225E+02  0.225E+02
  8.303  0.241E+02  0.241E+02
  8.313  0.260E+02  0.260E+02
  8.323  0.285E+02  0.285E+02
  8.333  0.301E+02  0.301E+02
  8.343  0.325E+02  0.325E+02
  8.353  0.315E+02  0.315E+02
  8.363  0.323E+02  0.323E+02
  8.373  0.261E+02  0.261E+02
  8.383  0.224E+02  0.224E+02
  8.393  0.205E+02  0.205E+02
  8.403  0.200E+02  0.200E+02
  8.413  0.206E+02  0.206E+02
  8.423  0.220E+02  0.220E+02
  8.433  0.287E+02  0.287E+02
  8.443  0.307E+02  0.307E+02
  8.453  0.187E+02  0.187E+02
  8.463  0.200E+02  0.200E+02
  8.473  0.225E+02  0.225E+02
  8.483  0.217E+02  0.217E+02
  8.493  0.203E+02  0.203E+02
  8.503  0.200E+02  0.200E+02
  8.513  0.203E+02  0.203E+02
  8.523  0.198E+02  0.198E+02
  8.533  0.193E+02  0.193E+02
  8.543  0.191E+02  0.191E+02
  8.553  0.216E+02  0.216E+02
  8.563  0.200E+02  0.200E+02
  8.573  0.161E+02  0.161E+02
  8.583  0.128E+02  0.128E+02
  8.593  0.139E+02  0.139E+02
  8.603  0.148E+02  0.148E+02
  8.613  0.153E+02  0.153E+02
  8.623  0.204E+02  0.204E+02
  8.633  0.253E+02  0.253E+02
  8.643  0.139E+02  0.139E+02
  8.653  0.203E+02  0.203E+02
  8.663  0.164E+02  0.164E+02
  8.673  0.155E+02  0.155E+02
  8.683  0.156E+02  0.156E+02
  8.693  0.173E+02  0.173E+02
  8.703  0.141E+02  0.141E+02
  8.713  0.119E+02  0.119E+02
  8.723  0.116E+02  0.116E+02
  8.733  0.130E+02  0.130E+02
  8.743  0.134E+02  0.134E+02
  8.753  0.226E+02  0.226E+02
  8.763  0.160E+02  0.160E+02
  8.773  0.148E+02  0.148E+02
  8.783  0.136E+02  0.136E+02
  8.793  0.109E+02  0.109E+02
  8.803  0.106E+02  0.106E+02
  8.813  0.117E+02  0.117E+02
  8.823  0.133E+02  0.133E+02
  8.833  0.170E+02  0.170E+02
  8.843  0.154E+02  0.154E+02
  8.853  0.123E+02  0.123E+02
  8.863  0.985E+01  0.985E+01
  8.873  0.994E+01  0.994E+01
  8.883  0.103E+02  0.103E+02
  8.893  0.106E+02  0.106E+02
  8.903  0.107E+02  0.107E+02
  8.913  0.105E+02  0.105E+02
  8.923  0.105E+02  0.105E+02
  8.933  0.103E+02  0.103E+02
  8.943  0.101E+02  0.101E+02
  8.953  0.108E+02  0.108E+02
  8.963  0.108E+02  0.108E+02
  8.973  0.938E+01  0.938E+01
  8.983  0.947E+01  0.947E+01
  8.993  0.830E+01  0.830E+01
  9.003  0.742E+01  0.742E+01
  9.013  0.672E+01  0.672E+01
  9.023  0.615E+01  0.615E+01
  9.033  0.551E+01  0.551E+01
  9.043  0.536E+01  0.536E+01
  9.053  0.537E+01  0.537E+01
  9.063  0.520E+01  0.520E+01
  9.073  0.494E+01  0.494E+01
  9.083  0.470E+01  0.470E+01
  9.093  0.432E+01  0.432E+01
  9.103  0.407E+01  0.407E+01
  9.113  0.407E+01  0.407E+01
  9.123  0.412E+01  0.412E+01
  9.133  0.373E+01  0.373E+01
  9.143  0.358E+01  0.358E+01
  9.153  0.308E+01  0.308E+01
  9.163  0.227E+01  0.227E+01
  9.173  0.588E+00  0.588E+00
  9.183  0.000E+00  0.000E+00
  9.193  0.000E+00  0.000E+00
  9.203  0.000E+00  0.000E+00
  9.213  0.000E+00  0.000E+00
  9.223  0.000E+00  0.000E+00
  9.233  0.000E+00  0.000E+00
  9.243  0.000E+00  0.000E+00
  9.253  0.000E+00  0.000E+00
  9.263  0.000E+00  0.000E+00
  9.273  0.000E+00  0.000E+00
  9.283  0.000E+00  0.000E+00
  9.293  0.000E+00  0.000E+00
  9.303  0.000E+00  0.000E+00
  9.313  0.000E+00  0.000E+00
  9.323  0.000E+00  0.000E+00
  9.333  0.000E+00  0.000E+00
  9.343  0.000E+00  0.000E+00
  9.353  0.000E+00  0.000E+00
  9.363  0.000E+00  0.000E+00
  9.373  0.000E+00  0.000E+00
  9.383  0.000E+00  0.000E+00
  9.393  0.000E+00  0.000E+00
  9.403  0.000E+00  0.000E+00
  9.413  0.000E+00  0.000E+00
  9.423  0.000E+00  0.000E+00
  9.433  0.000E+00  0.000E+00
  9.443  0.000E+00  0.000E+00
  9.453  0.000E+00  0.000E+00
  9.463  0.000E+00  0.000E+00
  9.473  0.000E+00  0.000E+00
  9.483  0.000E+00  0.000E+00
  9.493  0.000E+00  0.000E+00
  9.503  0.000E+00  0.000E+00
  9.513  0.000E+00  0.000E+00
  9.523  0.000E+00  0.000E+00
  9.533  0.000E+00  0.000E+00
  9.543  0.000E+00  0.000E+00
  9.553  0.000E+00  0.000E+00
  9.563  0.000E+00  0.000E+00
  9.573  0.000E+00  0.000E+00
  9.583  0.000E+00  0.000E+00
  9.593  0.000E+00  0.000E+00
  9.603  0.000E+00  0.000E+00
  9.613  0.000E+00  0.000E+00
  9.623  0.000E+00  0.000E+00
  9.633  0.000E+00  0.000E+00
  9.643  0.000E+00  0.000E+00
  9.653  0.000E+00  0.000E+00
  9.663  0.000E+00  0.000E+00
  9.673  0.000E+00  0.000E+00
  9.683  0.000E+00  0.000E+00
  9.693  0.000E+00  0.000E+00
  9.703  0.000E+00  0.000E+00
  9.713  0.000E+00  0.000E+00
  9.723  0.000E+00  0.000E+00
  9.733  0.000E+00  0.000E+00
  9.743  0.000E+00  0.000E+00
  9.753  0.000E+00  0.000E+00
  9.763  0.000E+00  0.000E+00
  9.773  0.000E+00  0.000E+00
  9.783  0.000E+00  0.000E+00
  9.793  0.000E+00  0.000E+00
  9.803  0.000E+00  0.000E+00
  9.813  0.000E+00  0.000E+00
  9.823  0.000E+00  0.000E+00
  9.833  0.000E+00  0.000E+00
  9.843  0.000E+00  0.000E+00
  9.853  0.000E+00  0.000E+00
  9.863  0.000E+00  0.000E+00
  9.873  0.000E+00  0.000E+00
  9.883  0.000E+00  0.000E+00
  9.893  0.000E+00  0.000E+00
  9.903  0.000E+00  0.000E+00
  9.913  0.000E+00  0.000E+00
  9.923  0.000E+00  0.000E+00
  9.933  0.000E+00  0.000E+00
  9.943  0.000E+00  0.000E+00
  9.953  0.000E+00  0.000E+00
  9.963  0.000E+00  0.000E+00
  9.973  0.000E+00  0.000E+00
  9.983  0.000E+00  0.000E+00
  9.993  0.000E+00  0.000E+00
 10.003  0.000E+00  0.000E+00
 10.013  0.000E+00  0.000E+00
 10.023  0.000E+00  0.000E+00
 10.033  0.000E+00  0.000E+00
 10.043  0.000E+00  0.000E+00
 10.053  0.000E+00  0.000E+00
 10.063  0.000E+00  0.000E+00
 10.073  0.000E+00  0.000E+00
 10.083  0.000E+00  0.000E+00
 10.093  0.000E+00  0.000E+00
 10.103  0.000E+00  0.000E+00
 10.113  0.000E+00  0.000E+00
 10.123  0.000E+00  0.000E+00
 10.133  0.000E+00  0.000E+00
 10.143  0.000E+00  0.000E+00
 10.153  0.000E+00  0.000E+00
 10.163  0.000E+00  0.000E+00
 10.173  0.000E+00  0.000E+00
 10.183  0.000E+00  0.000E+00
 10.193  0.000E+00  0.000E+00
 10.203  0.000E+00  0.000E+00
 10.213  0.000E+00  0.000E+00
 10.223  0.000E+00  0.000E+00
 10.233  0.000E+00  0.000E+00
 10.243  0.000E+00  0.000E+00
 10.253  0.000E+00  0.000E+00
 10.263  0.000E+00  0.000E+00
 10.273  0.000E+00  0.000E+00
 10.283  0.000E+00  0.000E+00
 10.293  0.000E+00  0.000E+00
 10.303  0.000E+00  0.000E+00
 10.313  0.000E+00  0.000E+00
 10.323  0.000E+00  0.000E+00
 10.333  0.000E+00  0.000E+00
 10.343  0.000E+00  0.000E+00
 10.353  0.000E+00  0.000E+00
 10.363  0.000E+00  0.000E+00
 10.373  0.000E+00  0.000E+00
 10.383  0.000E+00  0.000E+00
 10.393  0.000E+00  0.000E+00
 10.403  0.000E+00  0.000E+00
 10.413  0.000E+00  0.000E+00
 10.423  0.000E+00  0.000E+00
 10.433  0.000E+00  0.000E+00
 10.443  0.000E+00  0.000E+00
 10.453  0.000E+00  0.000E+00
 10.463  0.000E+00  0.000E+00
 10.473  0.000E+00  0.000E+00
 10.483  0.000E+00  0.000E+00
 10.493  0.000E+00  0.000E+00
 10.503  0.000E+00  0.000E+00
 10.513  0.000E+00  0.000E+00
 10.523  0.000E+00  0.000E+00
 10.533  0.000E+00  0.000E+00
 10.543  0.000E+00  0.000E+00
 10.553  0.000E+00  0.000E+00
 10.563  0.000E+00  0.000E+00
 10.573  0.000E+00  0.000E+00
 10.583  0.000E+00  0.000E+00
 10.593  0.000E+00  0.000E+00
 10.603  0.000E+00  0.000E+00
 10.613  0.000E+00  0.000E+00
 10.623  0.000E+00  0.000E+00
 10.633  0.000E+00  0.000E+00
 10.643  0.000E+00  0.000E+00
 10.653  0.000E+00  0.000E+00
 10.663  0.000E+00  0.000E+00
 10.673  0.000E+00  0.000E+00
 10.683  0.000E+00  0.000E+00
 10.693  0.000E+00  0.000E+00
 10.703  0.000E+00  0.000E+00
 10.713  0.488E-04  0.488E-04
 10.723  0.597E-03  0.597E-03
 10.733  0.175E-02  0.175E-02
 10.743  0.352E-02  0.352E-02
 10.753  0.589E-02  0.589E-02
 10.763  0.888E-02  0.888E-02
 10.773  0.125E-01  0.125E-01
 10.783  0.167E-01  0.167E-01
 10.793  0.215E-01  0.215E-01
 10.803  0.269E-01  0.269E-01
 10.813  0.329E-01  0.329E-01
 10.823  0.395E-01  0.395E-01
 10.833  0.468E-01  0.468E-01
 10.843  0.546E-01  0.546E-01
 10.853  0.631E-01  0.631E-01
 10.863  0.721E-01  0.721E-01
 10.873  0.818E-01  0.818E-01
 10.883  0.921E-01  0.921E-01
 10.893  0.103E+00  0.103E+00
 10.903  0.115E+00  0.115E+00
 10.913  0.126E+00  0.126E+00
 10.923  0.137E+00  0.137E+00
 10.933  0.147E+00  0.147E+00
 10.943  0.157E+00  0.157E+00
 10.953  0.166E+00  0.166E+00
 10.963  0.175E+00  0.175E+00
 10.973  0.184E+00  0.184E+00
 10.983  0.192E+00  0.192E+00
 10.993  0.200E+00  0.200E+00
 11.003  0.208E+00  0.208E+00
 11.013  0.216E+00  0.216E+00
 11.023  0.223E+00  0.223E+00
 11.033  0.230E+00  0.230E+00
 11.043  0.237E+00  0.237E+00
 11.053  0.244E+00  0.244E+00
 11.063  0.250E+00  0.250E+00
 11.073  0.256E+00  0.256E+00
 11.083  0.262E+00  0.262E+00
 11.093  0.270E+00  0.270E+00
 11.103  0.280E+00  0.280E+00
 11.113  0.290E+00  0.290E+00
 11.123  0.300E+00  0.300E+00
 11.133  0.310E+00  0.310E+00
 11.143  0.321E+00  0.321E+00
 11.153  0.331E+00  0.331E+00
 11.163  0.342E+00  0.342E+00
 11.173  0.352E+00  0.352E+00
 11.183  0.363E+00  0.363E+00
 11.193  0.374E+00  0.374E+00
 11.203  0.385E+00  0.385E+00
 11.213  0.396E+00  0.396E+00
 11.223  0.407E+00  0.407E+00
 11.233  0.419E+00  0.419E+00
 11.243  0.430E+00  0.430E+00
 11.253  0.441E+00  0.441E+00
 11.263  0.453E+00  0.453E+00
 11.273  0.464E+00  0.464E+00
 11.283  0.476E+00  0.476E+00
 11.293  0.487E+00  0.487E+00
 11.303  0.496E+00  0.496E+00
 11.313  0.505E+00  0.505E+00
 11.323  0.512E+00  0.512E+00
 11.333  0.519E+00  0.519E+00
 11.343  0.524E+00  0.524E+00
 11.353  0.530E+00  0.530E+00
 11.363  0.535E+00  0.535E+00
 11.373  0.540E+00  0.540E+00
 11.383  0.546E+00  0.546E+00
 11.393  0.551E+00  0.551E+00
 11.403  0.558E+00  0.558E+00
 11.413  0.565E+00  0.565E+00
 11.423  0.572E+00  0.572E+00
 11.433  0.579E+00  0.579E+00
 11.443  0.585E+00  0.585E+00
 11.453  0.591E+00  0.591E+00
 11.463  0.596E+00  0.596E+00
 11.473  0.602E+00  0.602E+00
 11.483  0.608E+00  0.608E+00
 11.493  0.614E+00  0.614E+00
 11.503  0.619E+00  0.619E+00
 11.513  0.625E+00  0.625E+00
 11.523  0.630E+00  0.630E+00
 11.533  0.636E+00  0.636E+00
 11.543  0.643E+00  0.643E+00
 11.553  0.650E+00  0.650E+00
 11.563  0.659E+00  0.659E+00
 11.573  0.670E+00  0.670E+00
 11.583  0.681E+00  0.681E+00
 11.593  0.695E+00  0.695E+00
 11.603  0.710E+00  0.710E+00
 11.613  0.728E+00  0.728E+00
 11.623  0.749E+00  0.749E+00
 11.633  0.771E+00  0.771E+00
 11.643  0.791E+00  0.791E+00
 11.653  0.811E+00  0.811E+00
 11.663  0.832E+00  0.832E+00
 11.673  0.852E+00  0.852E+00
 11.683  0.873E+00  0.873E+00
 11.693  0.895E+00  0.895E+00
 11.703  0.917E+00  0.917E+00
 11.713  0.938E+00  0.938E+00
 11.723  0.960E+00  0.960E+00
 11.733  0.982E+00  0.982E+00
 11.743  0.101E+01  0.101E+01
 11.753  0.103E+01  0.103E+01
 11.763  0.105E+01  0.105E+01
 11.773  0.108E+01  0.108E+01
 11.783  0.110E+01  0.110E+01
 11.793  0.113E+01  0.113E+01
 11.803  0.116E+01  0.116E+01
 11.813  0.118E+01  0.118E+01
 11.823  0.121E+01  0.121E+01
 11.833  0.124E+01  0.124E+01
 11.843  0.127E+01  0.127E+01
 11.853  0.131E+01  0.131E+01
 11.863  0.134E+01  0.134E+01
 11.873  0.139E+01  0.139E+01
 11.883  0.143E+01  0.143E+01
 11.893  0.148E+01  0.148E+01
 11.903  0.153E+01  0.153E+01
 11.913  0.159E+01  0.159E+01
 11.923  0.164E+01  0.164E+01
 11.933  0.169E+01  0.169E+01
 11.943  0.174E+01  0.174E+01
 11.953  0.179E+01  0.179E+01
 11.963  0.185E+01  0.185E+01
 11.973  0.193E+01  0.193E+01
 11.983  0.201E+01  0.201E+01
 11.993  0.227E+01  0.227E+01
 12.003  0.254E+01  0.254E+01
 12.013  0.275E+01  0.275E+01
 12.023  0.288E+01  0.288E+01
 12.033  0.295E+01  0.295E+01
 12.043  0.299E+01  0.299E+01
 12.053  0.288E+01  0.288E+01
 12.063  0.281E+01  0.281E+01
 12.073  0.280E+01  0.280E+01
 12.083  0.277E+01  0.277E+01
 12.093  0.274E+01  0.274E+01
 12.103  0.219E+01  0.219E+01
 12.113  0.214E+01  0.214E+01
 12.123  0.209E+01  0.209E+01
 12.133  0.205E+01  0.205E+01
 12.143  0.200E+01  0.200E+01
 12.153  0.195E+01  0.195E+01
 12.163  0.190E+01  0.190E+01
 12.173  0.185E+01  0.185E+01
 12.183  0.219E+01  0.219E+01
 12.193  0.197E+01  0.197E+01
 12.203  0.179E+01  0.179E+01
 12.213  0.125E+01  0.125E+01
 12.223  0.128E+01  0.128E+01
 12.233  0.132E+01  0.132E+01
 12.243  0.136E+01  0.136E+01
 12.253  0.141E+01  0.141E+01
 12.263  0.147E+01  0.147E+01
 12.273  0.156E+01  0.156E+01
 12.283  0.166E+01  0.166E+01
 12.293  0.185E+01  0.184E+01
 12.303  0.217E+01  0.216E+01
 12.313  0.256E+01  0.256E+01
 12.323  0.305E+01  0.305E+01
 12.333  0.365E+01  0.365E+01
 12.343  0.382E+01  0.382E+01
 12.353  0.354E+01  0.354E+01
 12.363  0.332E+01  0.332E+01
 12.373  0.320E+01  0.320E+01
 12.383  0.312E+01  0.312E+01
 12.393  0.305E+01  0.305E+01
 12.403  0.300E+01  0.300E+01
 12.413  0.302E+01  0.302E+01
 12.423  0.312E+01  0.312E+01
 12.433  0.310E+01  0.310E+01
 12.443  0.305E+01  0.305E+01
 12.453  0.305E+01  0.305E+01
 12.463  0.270E+01  0.270E+01
 12.473  0.241E+01  0.241E+01
 12.483  0.222E+01  0.222E+01
 12.493  0.213E+01  0.213E+01
 12.503  0.213E+01  0.213E+01
 12.513  0.216E+01  0.216E+01
 12.523  0.231E+01  0.231E+01
 12.533  0.246E+01  0.246E+01
 12.543  0.250E+01  0.250E+01
 12.553  0.266E+01  0.266E+01
 12.563  0.286E+01  0.286E+01
 12.573  0.311E+01  0.311E+01
 12.583  0.344E+01  0.344E+01
 12.593  0.401E+01  0.401E+01
 12.603  0.417E+01  0.417E+01
 12.613  0.416E+01  0.416E+01
 12.623  0.410E+01  0.410E+01
 12.633  0.409E+01  0.409E+01
 12.643  0.411E+01  0.411E+01
 12.653  0.416E+01  0.416E+01
 12.663  0.496E+01  0.496E+01
 12.673  0.461E+01  0.461E+01
 12.683  0.433E+01  0.433E+01
 12.693  0.412E+01  0.412E+01
 12.703  0.395E+01  0.395E+01
 12.713  0.374E+01  0.374E+01
 12.723  0.338E+01  0.338E+01
 12.733  0.356E+01  0.356E+01
 12.743  0.381E+01  0.381E+01
 12.753  0.345E+01  0.345E+01
 12.763  0.353E+01  0.353E+01
 12.773  0.446E+01  0.446E+01
 12.783  0.401E+01  0.401E+01
 12.793  0.419E+01  0.419E+01
 12.803  0.460E+01  0.460E+01
 12.813  0.503E+01  0.503E+01
 12.823  0.556E+01  0.556E+01
 12.833  0.615E+01  0.615E+01
 12.843  0.732E+01  0.732E+01
 12.853  0.754E+01  0.754E+01
 12.863  0.712E+01  0.712E+01
 12.873  0.741E+01  0.741E+01
 12.883  0.724E+01  0.724E+01
 12.893  0.668E+01  0.668E+01
 12.903  0.588E+01  0.588E+01
 12.913  0.478E+01  0.478E+01
 12.923  0.443E+01  0.443E+01
 12.933  0.457E+01  0.457E+01
 12.943  0.504E+01  0.504E+01
 12.953  0.587E+01  0.587E+01
 12.963  0.653E+01  0.653E+01
 12.973  0.707E+01  0.707E+01
 12.983  0.752E+01  0.752E+01
 12.993  0.780E+01  0.780E+01
 13.003  0.886E+01  0.886E+01
 13.013  0.100E+02  0.100E+02
 13.023  0.105E+02  0.105E+02
 13.033  0.103E+02  0.103E+02
 13.043  0.912E+01  0.912E+01
 13.053  0.804E+01  0.804E+01
 13.063  0.760E+01  0.760E+01
 13.073  0.725E+01  0.725E+01
 13.083  0.690E+01  0.690E+01
 13.093  0.712E+01  0.712E+01
 13.103  0.539E+01  0.539E+01
 13.113  0.468E+01  0.468E+01
 13.123  0.556E+01  0.556E+01
 13.133  0.785E+01  0.785E+01
 13.143  0.102E+02  0.102E+02
 13.153  0.100E+02  0.100E+02
 13.163  0.114E+02  0.114E+02
 13.173  0.823E+01  0.823E+01
 13.183  0.627E+01  0.627E+01
 13.193  0.471E+01  0.471E+01
 13.203  0.495E+01  0.495E+01
 13.213  0.546E+01  0.546E+01
 13.223  0.619E+01  0.619E+01
 13.233  0.722E+01  0.722E+01
 13.243  0.853E+01  0.853E+01
 13.253  0.104E+02  0.104E+02
 13.263  0.104E+02  0.104E+02
 13.273  0.923E+01  0.923E+01
 13.283  0.845E+01  0.845E+01
 13.293  0.803E+01  0.803E+01
 13.303  0.808E+01  0.808E+01
 13.313  0.849E+01  0.850E+01
 13.323  0.732E+01  0.732E+01
 13.333  0.766E+01  0.766E+01
 13.343  0.862E+01  0.862E+01
 13.353  0.922E+01  0.922E+01
 13.363  0.102E+02  0.102E+02
 13.373  0.162E+02  0.162E+02
 13.383  0.137E+02  0.137E+02
 13.393  0.133E+02  0.133E+02
 13.403  0.132E+02  0.132E+02
 13.413  0.156E+02  0.156E+02
 13.423  0.130E+02  0.130E+02
 13.433  0.132E+02  0.132E+02
 13.443  0.156E+02  0.156E+02
 13.453  0.156E+02  0.156E+02
 13.463  0.170E+02  0.170E+02
 13.473  0.168E+02  0.168E+02
 13.483  0.156E+02  0.156E+02
 13.493  0.151E+02  0.151E+02
 13.503  0.141E+02  0.141E+02
 13.513  0.139E+02  0.139E+02
 13.523  0.139E+02  0.139E+02
 13.533  0.146E+02  0.146E+02
 13.543  0.149E+02  0.149E+02
 13.553  0.153E+02  0.153E+02
 13.563  0.157E+02  0.157E+02
 13.573  0.161E+02  0.161E+02
 13.583  0.160E+02  0.160E+02
 13.593  0.157E+02  0.157E+02
 13.603  0.156E+02  0.156E+02
 13.613  0.160E+02  0.160E+02
 13.623  0.162E+02  0.162E+02
 13.633  0.168E+02  0.168E+02
 13.643  0.161E+02  0.161E+02
 13.653  0.166E+02  0.166E+02
 13.663  0.175E+02  0.175E+02
 13.673  0.184E+02  0.184E+02
 13.683  0.197E+02  0.197E+02
 13.693  0.190E+02  0.190E+02
 13.703  0.186E+02  0.186E+02
 13.713  0.184E+02  0.184E+02
 13.723  0.198E+02  0.198E+02
 13.733  0.216E+02  0.216E+02
 13.743  0.175E+02  0.175E+02
 13.753  0.169E+02  0.169E+02
 13.763  0.179E+02  0.179E+02
 13.773  0.175E+02  0.175E+02
 13.783  0.179E+02  0.179E+02
 13.793  0.195E+02  0.195E+02
 13.803  0.160E+02  0.160E+02
 13.813  0.159E+02  0.159E+02
 13.823  0.158E+02  0.158E+02
 13.833  0.161E+02  0.161E+02
 13.843  0.165E+02  0.165E+02
 13.853  0.172E+02  0.172E+02
 13.863  0.186E+02  0.186E+02
 13.873  0.182E+02  0.182E+02
 13.883  0.182E+02  0.182E+02
 13.893  0.182E+02  0.182E+02
 13.903  0.183E+02  0.183E+02
 13.913  0.183E+02  0.183E+02
 13.923  0.184E+02  0.184E+02
 13.933  0.188E+02  0.188E+02
 13.943  0.194E+02  0.194E+02
 13.953  0.198E+02  0.198E+02
 13.963  0.198E+02  0.198E+02
 13.973  0.203E+02  0.203E+02
 13.983  0.181E+02  0.181E+02
 13.993  0.170E+02  0.170E+02
 14.003  0.169E+02  0.169E+02
 14.013  0.173E+02  0.173E+02
 14.023  0.172E+02  0.172E+02
 14.033  0.173E+02  0.173E+02
 14.043  0.173E+02  0.173E+02
 14.053  0.158E+02  0.158E+02
 14.063  0.153E+02  0.153E+02
 14.073  0.152E+02  0.152E+02
 14.083  0.151E+02  0.151E+02
 14.093  0.156E+02  0.156E+02
 14.103  0.180E+02  0.180E+02
 14.113  0.242E+02  0.242E+02
 14.123  0.223E+02  0.223E+02
 14.133  0.171E+02  0.171E+02
 14.143  0.176E+02  0.176E+02
 14.153  0.203E+02  0.203E+02
 14.163  0.249E+02  0.249E+02
 14.173  0.206E+02  0.206E+02
 14.183  0.219E+02  0.219E+02
 14.193  0.229E+02  0.229E+02
 14.203  0.209E+02  0.209E+02
 14.213  0.209E+02  0.209E+02
 14.223  0.207E+02  0.207E+02
 14.233  0.195E+02  0.195E+02
 14.243  0.182E+02  0.182E+02
 14.253  0.199E+02  0.199E+02
 14.263  0.198E+02  0.198E+02
 14.273  0.187E+02  0.187E+02
 14.283  0.186E+02  0.186E+02
 14.293  0.220E+02  0.220E+02
 14.303  0.216E+02  0.216E+02
 14.313  0.217E+02  0.217E+02
 14.323  0.221E+02  0.221E+02
 14.333  0.220E+02  0.220E+02
 14.343  0.220E+02  0.220E+02
 14.353  0.218E+02  0.218E+02
 14.363  0.217E+02  0.217E+02
 14.373  0.215E+02  0.215E+02
 14.383  0.211E+02  0.211E+02
 14.393  0.210E+02  0.210E+02
 14.403  0.217E+02  0.217E+02
 14.413  0.221E+02  0.221E+02
 14.423  0.217E+02  0.217E+02
 14.433  0.229E+02  0.229E+02
 14.443  0.239E+02  0.239E+02
 14.453  0.276E+02  0.276E+02
 14.463  0.247E+02  0.247E+02
 14.473  0.235E+02  0.235E+02
 14.483  0.218E+02  0.218E+02
 14.493  0.219E+02  0.219E+02
 14.503  0.205E+02  0.205E+02
 14.513  0.207E+02  0.207E+02
 14.523  0.228E+02  0.228E+02
 14.533  0.190E+02  0.190E+02
 14.543  0.170E+02  0.170E+02
 14.553  0.159E+02  0.159E+02
 14.563  0.152E+02  0.152E+02
 14.573  0.151E+02  0.151E+02
 14.583  0.132E+02  0.132E+02
 14.593  0.105E+02  0.105E+02
 14.603  0.770E+01  0.770E+01
 14.613  0.718E+01  0.718E+01
 14.623  0.618E+01  0.618E+01
 14.633  0.491E+01  0.491E+01
 14.643  0.438E+01  0.438E+01
 14.653  0.381E+01  0.381E+01
 14.663  0.235E+01  0.235E+01
 14.673  0.175E+01  0.175E+01
 14.683  0.130E+01  0.130E+01
 14.693  0.876E+00  0.876E+00
 14.703  0.575E+00  0.575E+00
 14.713  0.263E+00  0.263E+00
 14.723  0.124E+00  0.124E+00
 14.733  0.000E+00  0.000E+00
