 &plot nbnd=  35, nks=    71 /
            0.000000  0.000000  0.306667
   -5.966   -5.966   -4.170   -4.170   -4.170   -4.170   -3.910   -3.910   -3.910   -3.910
   -3.836   -3.836    5.447    5.447    8.737    8.737    8.737    8.737   13.312   13.312
   17.566   17.566   19.505   19.505   19.505   19.505   25.314   25.314   27.396   27.396
   27.396   27.396   31.707   31.707   31.707
            0.050000  0.028868  0.306667
   -5.952   -5.952   -4.168   -4.168   -4.166   -4.166   -3.927   -3.927   -3.910   -3.910
   -3.806   -3.806    5.443    5.443    8.594    8.594    8.698    8.698   13.442   13.442
   17.470   17.470   19.459   19.459   19.572   19.572   25.388   25.388   27.348   27.348
   27.435   27.435   31.042   31.042   31.864
            0.100000  0.057735  0.306667
   -5.911   -5.911   -4.160   -4.160   -4.154   -4.154   -3.953   -3.953   -3.910   -3.910
   -3.740   -3.740    5.418    5.418    8.232    8.232    8.588    8.588   13.764   13.764
   17.220   17.220   19.357   19.357   19.759   19.759   25.379   25.379   27.244   27.244
   27.753   27.753   30.517   30.517   32.296
            0.150000  0.086603  0.306667
   -5.851   -5.851   -4.149   -4.149   -4.135   -4.135   -3.973   -3.973   -3.910   -3.910
   -3.647   -3.647    5.333    5.333    7.796    7.796    8.421    8.421   14.122   14.122
   16.926   16.926   19.249   19.249   20.033   20.033   25.061   25.061   27.165   27.165
   28.501   28.501   30.286   30.286   32.922
            0.200000  0.115470  0.306667
   -5.782   -5.782   -4.137   -4.137   -4.113   -4.113   -3.984   -3.984   -3.909   -3.909
   -3.522   -3.522    5.121    5.121    7.434    7.434    8.221    8.221   14.350   14.350
   16.729   16.729   19.160   19.160   20.347   20.347   24.606   24.606   27.194   27.194
   29.219   29.219   30.590   30.590   33.647
            0.250000  0.144338  0.306667
   -5.714   -5.714   -4.129   -4.129   -4.090   -4.090   -3.983   -3.983   -3.906   -3.906
   -3.358   -3.358    4.740    4.740    7.240    7.240    8.009    8.009   14.346   14.346
   16.711   16.711   19.097   19.097   20.648   20.648   24.211   24.211   27.390   27.390
   29.440   29.440   31.620   31.620   34.361
            0.300000  0.173205  0.306667
   -5.656   -5.656   -4.128   -4.128   -4.069   -4.069   -3.973   -3.973   -3.900   -3.900
   -3.157   -3.157    4.237    4.237    7.202    7.202    7.807    7.807   14.169   14.169
   16.790   16.790   19.062   19.062   20.894   20.894   23.980   23.980   27.786   27.786
   29.504   29.504   32.715   32.715   34.890
            0.350000  0.202073  0.306667
   -5.612   -5.612   -4.132   -4.132   -4.052   -4.052   -3.958   -3.958   -3.892   -3.892
   -2.934   -2.934    3.710    3.710    7.251    7.251    7.631    7.631   13.940   13.940
   16.849   16.849   19.048   19.048   21.068   21.068   23.938   23.938   28.371   28.371
   29.560   29.560   33.258   33.258   34.989
            0.400000  0.230940  0.306667
   -5.582   -5.582   -4.137   -4.137   -4.041   -4.041   -3.945   -3.945   -3.883   -3.883
   -2.718   -2.718    3.248    3.248    7.326    7.326    7.497    7.497   13.739   13.739
   16.856   16.856   19.045   19.045   21.173   21.173   24.036   24.036   29.078   29.078
   29.621   29.621   33.162   33.162   34.580
            0.450000  0.259808  0.306667
   -5.566   -5.566   -4.141   -4.141   -4.036   -4.036   -3.935   -3.935   -3.876   -3.876
   -2.557   -2.557    2.929    2.929    7.388    7.388    7.412    7.412   13.605   13.605
   16.836   16.836   19.043   19.043   21.227   21.227   24.169   24.169   29.671   29.671
   29.753   29.753   32.895   32.895   33.967
            0.500000  0.288675  0.306667
   -5.561   -5.561   -4.143   -4.143   -4.034   -4.034   -3.932   -3.932   -3.874   -3.874
   -2.496   -2.496    2.815    2.815    7.383    7.383    7.411    7.411   13.558   13.558
   16.825   16.825   19.043   19.043   21.243   21.243   24.229   24.229   29.691   29.691
   30.067   30.067   32.775   32.775   33.654
            0.500000  0.288675  0.276000
   -5.573   -5.550   -4.149   -4.133   -4.047   -4.020   -3.944   -3.923   -3.875   -3.872
   -2.538   -2.452    2.738    2.917    7.186    7.256    7.514    7.586   13.399   13.749
   16.711   16.937   19.027   19.096   20.975   21.510   23.845   24.643   29.580   29.681
   29.725   30.443   32.597   32.942   33.513
            0.500000  0.288675  0.245333
   -5.588   -5.543   -4.154   -4.122   -4.061   -4.007   -3.957   -3.916   -3.876   -3.869
   -2.577   -2.407    2.688    3.042    6.924    7.135    7.644    7.696   13.297   13.939
   16.639   16.997   19.085   19.160   20.713   21.768   23.502   25.074   29.324   29.419
   29.588   30.853   32.441   33.073   33.393
            0.500000  0.288675  0.214667
   -5.604   -5.537   -4.155   -4.107   -4.074   -3.996   -3.970   -3.911   -3.878   -3.867
   -2.612   -2.363    2.666    3.186    6.639    7.022    7.737    7.772   13.269   14.099
   16.636   16.966   19.223   19.248   20.461   22.014   23.204   25.500   28.929   29.149
   29.458   31.292   32.330   33.164   33.296
            0.500000  0.288675  0.184000
   -5.620   -5.534   -4.155   -4.091   -4.085   -3.985   -3.984   -3.910   -3.878   -3.863
   -2.642   -2.321    2.672    3.343    6.346    6.920    7.709    7.893   13.323   14.209
   16.715   16.832   19.277   19.521   20.228   22.240   22.953   25.888   28.425   28.917
   29.344   31.755   32.264   33.216   33.226
            0.500000  0.288675  0.153333
   -5.636   -5.532   -4.153   -4.096   -4.073   -3.997   -3.976   -3.912   -3.879   -3.860
   -2.667   -2.282    2.703    3.508    6.057    6.831    7.624    8.003   13.455   14.264
   16.614   16.866   19.321   19.878   20.018   22.441   22.746   26.195   27.856   28.721
   29.305   32.225   32.233   33.188   33.228
            0.500000  0.288675  0.122667
   -5.650   -5.532   -4.151   -4.105   -4.054   -4.009   -3.969   -3.917   -3.879   -3.857
   -2.687   -2.250    2.753    3.672    5.785    6.755    7.503    8.100   13.653   14.279
   16.338   17.059   19.354   19.837   20.287   22.580   22.613   26.381   27.266   28.561
   29.392   32.222   32.651   33.194   33.220
            0.500000  0.288675  0.092000
   -5.663   -5.532   -4.148   -4.112   -4.035   -4.019   -3.963   -3.924   -3.880   -3.854
   -2.703   -2.223    2.816    3.824    5.545    6.696    7.369    8.180   13.902   14.272
   16.026   17.259   19.377   19.691   20.710   22.450   22.752   26.447   26.701   28.437
   29.608   32.222   32.885   33.103   33.446
            0.500000  0.288675  0.061333
   -5.672   -5.533   -4.145   -4.118   -4.027   -4.017   -3.959   -3.934   -3.880   -3.852
   -2.714   -2.204    2.879    3.949    5.352    6.652    7.247    8.239   14.183   14.257
   15.699   17.430   19.390   19.583   21.103   22.350   22.853   26.212   26.435   28.348
   29.895   32.227   32.939   32.956   33.814
            0.500000  0.288675  0.030667
   -5.678   -5.533   -4.143   -4.121   -4.032   -4.003   -3.957   -3.943   -3.880   -3.850
   -2.721   -2.192    2.926    4.033    5.226    6.626    7.162    8.275   14.245   14.463
   15.392   17.546   19.397   19.517   21.404   22.276   22.915   25.868   26.402   28.295
   30.152   32.231   32.799   32.950   34.120
            0.500000  0.288675  0.000000
   -5.680   -5.534   -4.143   -4.122   -4.033   -3.996   -3.956   -3.948   -3.880   -3.850
   -2.723   -2.188    2.944    4.063    5.182    6.617    7.131    8.288   14.240   14.621
   15.225   17.587   19.399   19.495   21.523   22.244   22.936   25.741   26.387   28.278
   30.258   32.233   32.728   32.953   34.240
            0.450000  0.259808  0.000000
   -5.693   -5.535   -4.142   -4.122   -4.035   -3.995   -3.960   -3.951   -3.885   -3.851
   -2.862   -2.125    3.009    4.160    5.096    6.650    7.257    8.310   14.235   14.633
   15.286   17.564   19.394   19.518   21.433   22.228   22.870   25.662   26.469   27.927
   30.316   32.234   32.866   33.331   34.263
            0.400000  0.230940  0.000000
   -5.732   -5.540   -4.140   -4.122   -4.039   -3.993   -3.971   -3.959   -3.897   -3.853
   -3.137   -2.062    3.197    4.360    4.997    6.747    7.557    8.378   14.191   14.677
   15.472   17.516   19.379   19.585   21.160   22.206   22.680   25.474   26.713   27.129
   30.467   32.294   33.090   34.091   34.238
            0.350000  0.202073  0.000000
   -5.800   -5.548   -4.140   -4.123   -4.045   -3.994   -3.989   -3.965   -3.914   -3.857
   -3.424   -2.075    3.401    4.463    5.245    6.902    7.914    8.483   14.042   14.784
   15.768   17.484   19.342   19.678   20.802   22.143   22.390   25.293   26.218   27.109
   30.633   32.323   33.116   33.600   33.966
            0.300000  0.173205  0.000000
   -5.898   -5.562   -4.143   -4.127   -4.056   -4.013   -3.998   -3.963   -3.932   -3.860
   -3.672   -2.153    3.376    4.772    5.769    7.106    8.260    8.617   13.757   14.937
   16.131   17.508   19.258   19.763   20.558   21.986   22.043   25.227   25.368   27.628
   30.667   32.010   32.665   32.688   33.414
            0.250000  0.144338  0.000000
   -6.020   -5.581   -4.152   -4.135   -4.074   -4.041   -3.996   -3.965   -3.948   -3.864
   -3.851   -2.263    3.158    5.373    6.394    7.344    8.561    8.768   13.355   15.017
   16.511   17.630   19.189   19.783   20.512   21.697   21.799   24.684   25.304   28.165
   30.403   30.965   31.422   31.915   33.126
            0.200000  0.115470  0.000000
   -6.154   -5.604   -4.165   -4.147   -4.097   -4.069   -4.026   -3.988   -3.957   -3.908
   -3.866   -2.379    2.909    6.101    7.060    7.599    8.803    8.920   12.866   14.855
   16.938   17.861   19.284   19.683   20.492   21.404   21.812   24.252   25.485   28.318
   29.759   29.854   30.195   31.143   32.985
            0.150000  0.086603  0.000000
   -6.281   -5.629   -4.180   -4.162   -4.121   -4.097   -4.095   -3.978   -3.962   -3.901
   -3.869   -2.482    2.690    6.857    7.737    7.846    8.985    9.055   12.318   14.436
   17.467   18.112   19.471   19.581   20.351   21.160   22.201   24.127   25.682   27.495
   28.898   29.062   29.145   31.008   32.940
            0.100000  0.057735  0.000000
   -6.384   -5.652   -4.193   -4.176   -4.155   -4.123   -4.116   -3.969   -3.963   -3.887
   -3.871   -2.561    2.525    7.549    8.057    8.393    9.109    9.160   11.747   13.921
   17.982   18.377   19.233   19.852   20.316   20.950   22.831   24.279   25.578   26.747
   28.013   28.070   28.328   31.225   32.504
            0.050000  0.028868  0.000000
   -6.452   -5.668   -4.201   -4.185   -4.179   -4.131   -4.129   -3.964   -3.962   -3.877
   -3.873   -2.611    2.422    8.061    8.202    8.968    9.182    9.225   11.221   13.494
   18.212   18.779   19.055   19.812   20.597   20.799   23.450   24.572   25.000   26.772
   27.297   27.306   27.584   30.793   32.722
            0.000000  0.000000  0.000000
   -6.475   -5.673   -4.203   -4.189   -4.189   -4.134   -4.134   -3.962   -3.962   -3.873
   -3.873   -2.629    2.388    8.254    8.254    9.203    9.246    9.246   10.962   13.325
   18.261   18.990   18.990   19.768   20.744   20.744   23.712   24.739   24.739   26.984
   26.984   27.020   27.131   30.519   32.986
            0.000000  0.000000  0.030667
   -6.468   -5.675   -4.201   -4.188   -4.188   -4.134   -4.134   -3.961   -3.961   -3.873
   -3.873   -2.654    2.432    8.260    8.260    9.103    9.240    9.240   11.052   13.331
   18.243   18.993   18.993   19.702   20.721   20.721   23.738   24.774   24.774   27.027
   27.027   27.115   27.120   30.516   32.889
            0.000000  0.000000  0.061333
   -6.447   -5.682   -4.195   -4.188   -4.188   -4.136   -4.136   -3.959   -3.959   -3.875
   -3.875   -2.729    2.564    8.277    8.277    8.846    9.221    9.221   11.276   13.346
   18.190   19.001   19.001   19.517   20.653   20.653   23.809   24.872   24.872   27.063
   27.149   27.149   27.412   30.518   32.618
            0.000000  0.000000  0.092000
   -6.414   -5.693   -4.187   -4.187   -4.183   -4.138   -4.138   -3.955   -3.955   -3.876
   -3.876   -2.842    2.772    8.305    8.305    8.502    9.190    9.190   11.564   13.370
   18.106   19.018   19.018   19.248   20.549   20.549   23.915   25.032   25.032   26.968
   27.339   27.339   27.869   30.548   32.235
            0.000000  0.000000  0.122667
   -6.368   -5.710   -4.187   -4.187   -4.166   -4.142   -4.142   -3.951   -3.951   -3.879
   -3.879   -2.982    3.046    8.112    8.344    8.344    9.147    9.147   11.875   13.399
   17.999   18.936   19.043   19.043   20.416   20.416   24.049   25.251   25.251   26.823
   27.577   27.577   28.457   30.632   31.805
            0.000000  0.000000  0.153333
   -6.313   -5.732   -4.185   -4.185   -4.146   -4.146   -4.141   -3.945   -3.945   -3.882
   -3.882   -3.138    3.372    7.694    8.393    8.393    9.095    9.095   12.185   13.430
   17.879   18.613   19.081   19.081   20.265   20.265   24.207   25.523   25.523   26.631
   27.829   27.829   29.141   30.782   31.387
            0.000000  0.000000  0.184000
   -6.249   -5.763   -4.183   -4.183   -4.151   -4.151   -4.107   -3.938   -3.938   -3.886
   -3.886   -3.297    3.739    7.258    8.450    8.450    9.033    9.033   12.479   13.454
   17.758   18.306   19.133   19.133   20.105   20.105   24.386   25.842   25.842   26.398
   28.040   28.040   29.883   30.997   31.050
            0.000000  0.000000  0.214667
   -6.179   -5.801   -4.181   -4.181   -4.155   -4.155   -4.062   -3.931   -3.931   -3.891
   -3.891   -3.452    4.138    6.812    8.515    8.515    8.965    8.965   12.748   13.466
   17.651   18.035   19.200   19.200   19.943   19.943   24.588   26.138   26.201   26.201
   28.129   28.129   30.638   30.884   30.902
            0.000000  0.000000  0.245333
   -6.107   -5.848   -4.178   -4.178   -4.160   -4.160   -4.003   -3.924   -3.924   -3.897
   -3.897   -3.597    4.560    6.358    8.585    8.585    8.892    8.892   12.981   13.452
   17.573   17.815   19.285   19.285   19.787   19.787   24.812   25.864   26.589   26.589
   28.029   28.029   30.961   30.962   31.341
            0.000000  0.000000  0.276000
   -6.035   -5.903   -4.174   -4.174   -4.165   -4.165   -3.928   -3.917   -3.917   -3.903
   -3.903   -3.725    4.998    5.902    8.660    8.660    8.815    8.815   13.171   13.404
   17.540   17.657   19.387   19.387   19.639   19.639   25.054   25.586   26.994   26.994
   27.760   27.760   31.258   31.259   31.827
            0.000000  0.000000  0.306667
   -5.966   -5.966   -4.170   -4.170   -4.170   -4.170   -3.910   -3.910   -3.910   -3.910
   -3.836   -3.836    5.447    5.447    8.737    8.737    8.737    8.737   13.312   13.312
   17.566   17.566   19.505   19.505   19.505   19.505   25.314   25.314   27.396   27.396
   27.396   27.396   31.707   31.707   31.707
            0.033333  0.057735  0.306667
   -5.947   -5.947   -4.167   -4.167   -4.164   -4.164   -3.931   -3.931   -3.910   -3.910
   -3.797   -3.797    5.441    5.441    8.550    8.550    8.684    8.684   13.483   13.483
   17.439   17.439   19.444   19.444   19.594   19.594   25.404   25.404   27.311   27.311
   27.479   27.479   30.950   30.950   31.904
            0.066667  0.115470  0.306667
   -5.894   -5.894   -4.157   -4.157   -4.149   -4.149   -3.960   -3.960   -3.910   -3.910
   -3.714   -3.714    5.401    5.401    8.112    8.112    8.523    8.523   13.887   13.887
   17.127   17.127   19.303   19.303   19.848   19.848   25.362   25.362   27.021   27.021
   28.094   28.094   30.475   30.475   32.344
            0.100000  0.173205  0.306667
   -5.819   -5.819   -4.143   -4.143   -4.126   -4.126   -3.980   -3.980   -3.909   -3.909
   -3.592   -3.592    5.263    5.263    7.657    7.657    8.250    8.250   14.323   14.323
   16.802   16.802   19.125   19.125   20.205   20.205   25.058   25.058   26.665   26.665
   29.302   29.302   30.466   30.466   32.819
            0.133333  0.230940  0.306667
   -5.738   -5.738   -4.125   -4.125   -4.105   -4.105   -3.990   -3.990   -3.906   -3.906
   -3.421   -3.421    4.951    4.951    7.370    7.370    7.876    7.876   14.632   14.632
   16.646   16.646   18.915   18.915   20.554   20.554   24.693   24.693   26.514   26.514
   30.234   30.234   31.386   31.386   33.267
            0.166667  0.288675  0.306667
   -5.665   -5.665   -4.111   -4.111   -4.087   -4.087   -3.990   -3.990   -3.900   -3.900
   -3.195   -3.195    4.489    4.489    7.208    7.208    7.504    7.504   14.764   14.764
   16.723   16.723   18.672   18.672   20.813   20.813   24.388   24.388   26.715   26.715
   30.640   30.640   33.001   33.001   33.734
            0.200000  0.346410  0.306667
   -5.608   -5.608   -4.104   -4.104   -4.070   -4.070   -3.987   -3.987   -3.892   -3.892
   -2.924   -2.924    3.997    3.997    6.777    6.777    7.480    7.480   14.812   14.812
   16.918   16.918   18.399   18.399   21.022   21.022   24.194   24.194   27.162   27.162
   30.949   30.949   33.483   33.483   34.541
            0.233333  0.404145  0.306667
   -5.568   -5.568   -4.099   -4.099   -4.060   -4.060   -3.979   -3.979   -3.890   -3.890
   -2.642   -2.642    3.584    3.584    6.246    6.246    7.598    7.598   14.890   14.890
   17.057   17.057   18.138   18.138   21.315   21.315   24.083   24.083   27.545   27.545
   31.008   31.008   33.329   33.329   34.982
            0.266667  0.461880  0.306667
   -5.543   -5.543   -4.093   -4.093   -4.058   -4.058   -3.966   -3.966   -3.896   -3.896
   -2.399   -2.399    3.322    3.322    5.751    5.751    7.717    7.717   15.052   15.052
   16.977   16.977   18.008   18.008   21.774   21.774   23.951   23.951   27.506   27.506
   30.950   30.950   33.478   33.478   35.375
            0.300000  0.519615  0.306667
   -5.529   -5.529   -4.084   -4.084   -4.062   -4.062   -3.951   -3.951   -3.910   -3.910
   -2.244   -2.244    3.228    3.228    5.372    5.372    7.796    7.796   15.296   15.296
   16.691   16.691   18.032   18.032   22.384   22.384   23.642   23.642   27.135   27.135
   31.078   31.078   33.731   33.731   35.633
            0.333333  0.577350  0.306667
   -5.525   -5.525   -4.079   -4.079   -4.066   -4.066   -3.942   -3.942   -3.920   -3.920
   -2.195   -2.195    3.228    3.228    5.217    5.217    7.822    7.822   15.467   15.467
   16.493   16.493   18.066   18.066   23.034   23.034   23.094   23.094   26.943   26.943
   31.182   31.182   33.840   33.840   35.688
            0.333333  0.577350  0.276000
   -5.526   -5.526   -4.085   -4.077   -4.077   -4.047   -3.942   -3.942   -3.921   -3.921
   -2.195   -2.195    3.242    3.242    5.037    5.404    7.788    7.788   15.505   15.505
   16.238   16.722   18.073   18.073   22.824   23.009   23.009   23.424   26.945   26.945
   31.179   31.180   33.833   33.833   35.709
            0.333333  0.577350  0.245333
   -5.529   -5.529   -4.104   -4.074   -4.074   -4.030   -3.940   -3.940   -3.923   -3.923
   -2.196   -2.196    3.284    3.284    4.869    5.596    7.691    7.691   15.613   15.613
   15.965   16.921   18.095   18.095   22.608   22.934   22.934   23.815   26.953   26.953
   31.166   31.175   33.810   33.810   35.764
            0.333333  0.577350  0.214667
   -5.534   -5.534   -4.122   -4.068   -4.068   -4.015   -3.939   -3.936   -3.926   -3.926
   -2.197   -2.197    3.352    3.352    4.714    5.788    7.541    7.541   15.684   15.779
   15.779   17.088   18.134   18.134   22.441   22.809   22.809   24.266   26.971   26.971
   31.129   31.173   33.765   33.765   35.832
            0.333333  0.577350  0.184000
   -5.539   -5.539   -4.139   -4.060   -4.060   -4.004   -3.938   -3.931   -3.931   -3.930
   -2.198   -2.198    3.442    3.442    4.576    5.975    7.350    7.350   15.406   15.982
   15.982   17.223   18.197   18.197   22.315   22.636   22.636   24.772   27.002   27.002
   31.057   31.176   33.688   33.688   35.850
            0.333333  0.577350  0.153333
   -5.546   -5.546   -4.153   -4.050   -4.050   -3.997   -3.937   -3.937   -3.936   -3.922
   -2.199   -2.199    3.551    3.551    4.456    6.151    7.136    7.136   15.142   16.197
   16.197   17.330   18.289   18.289   22.222   22.423   22.423   25.324   27.050   27.050
   30.933   31.183   33.574   33.574   35.738
            0.333333  0.577350  0.122667
   -5.552   -5.552   -4.166   -4.039   -4.039   -3.993   -3.945   -3.945   -3.935   -3.913
   -2.200   -2.200    3.670    3.670    4.356    6.308    6.916    6.916   14.905   16.398
   16.398   17.410   18.414   18.414   22.157   22.181   22.181   25.911   27.110   27.110
   30.739   31.195   33.424   33.424   35.535
            0.333333  0.577350  0.092000
   -5.558   -5.558   -4.176   -4.028   -4.028   -3.990   -3.953   -3.953   -3.934   -3.904
   -2.202   -2.202    3.791    3.791    4.277    6.441    6.709    6.709   14.706   16.564
   16.564   17.469   18.568   18.568   21.930   21.930   22.111   26.515   27.174   27.174
   30.460   31.207   33.255   33.255   35.177
            0.333333  0.577350  0.061333
   -5.562   -5.562   -4.183   -4.016   -4.016   -3.989   -3.962   -3.962   -3.933   -3.897
   -2.203   -2.203    3.897    3.897    4.219    6.536    6.536    6.542   14.555   16.685
   16.685   17.509   18.730   18.730   21.699   21.699   22.082   27.103   27.234   27.234
   30.107   31.220   33.097   33.097   34.788
            0.333333  0.577350  0.030667
   -5.565   -5.565   -4.188   -4.007   -4.007   -3.988   -3.970   -3.970   -3.932   -3.893
   -2.203   -2.203    3.973    3.973    4.184    6.419    6.419    6.606   14.461   16.756
   16.756   17.531   18.860   18.860   21.530   21.530   22.066   27.276   27.276   27.603
   29.746   31.229   32.986   32.986   34.559
            0.333333  0.577350  0.000000
   -5.566   -5.566   -4.189   -4.002   -4.002   -3.988   -3.975   -3.975   -3.932   -3.891
   -2.203   -2.203    4.000    4.000    4.173    6.378    6.378    6.627   14.428   16.779
   16.779   17.539   18.910   18.910   21.466   21.466   22.061   27.291   27.291   27.828
   29.566   31.232   32.946   32.946   34.483
            0.300000  0.519615  0.000000
   -5.593   -5.549   -4.186   -4.025   -3.994   -3.992   -3.979   -3.969   -3.924   -3.889
   -2.417   -2.061    3.805    3.966    4.558    5.972    6.749    6.770   14.523   16.439
   16.951   17.362   18.754   19.096   20.917   22.025   22.228   26.343   27.905   28.322
   29.693   30.705   32.076   33.920   34.369
            0.266667  0.461880  0.000000
   -5.636   -5.540   -4.177   -4.049   -4.005   -3.999   -3.984   -3.963   -3.911   -3.886
   -2.728   -1.973    3.664    4.095    5.105    5.536    7.045    7.193   14.801   15.953
   16.948   17.048   18.666   19.308   20.305   22.547   22.578   25.353   28.402   28.915
   29.964   30.129   31.507   33.773   33.948
            0.233333  0.404145  0.000000
   -5.700   -5.541   -4.166   -4.074   -4.022   -4.004   -3.994   -3.957   -3.909   -3.883
   -3.083   -1.966    3.622    4.446    5.169    5.703    7.433    7.620   15.229   15.341
   16.785   16.811   18.684   19.516   19.824   22.837   22.841   24.495   28.539   28.991
   29.295   30.923   31.462   33.424   33.619
            0.200000  0.346410  0.000000
   -5.793   -5.549   -4.153   -4.099   -4.042   -4.014   -4.002   -3.950   -3.919   -3.882
   -3.424   -2.038    3.568    4.973    5.051    6.319    7.853    8.025   14.667   15.752
   16.484   16.714   18.830   19.378   19.884   22.697   22.961   23.819   28.439   28.655
   28.779   31.265   31.959   33.282   33.382
            0.166667  0.288675  0.000000
   -5.919   -5.565   -4.145   -4.124   -4.063   -4.039   -3.998   -3.943   -3.933   -3.888
   -3.701   -2.163    3.359    5.333    5.633    6.912    8.260    8.384   13.979   15.926
   16.450   16.783   19.110   19.279   20.069   22.270   22.897   23.273   28.069   28.194
   28.811   30.776   32.380   32.688   33.338
            0.133333  0.230940  0.000000
   -6.069   -5.589   -4.149   -4.146   -4.085   -4.069   -3.990   -3.955   -3.944   -3.924
   -3.848   -2.304    3.065    5.915    6.382    7.442    8.619    8.683   13.293   15.389
   17.016   17.042   19.395   19.486   20.045   21.782   22.802   22.900   27.665   27.718
   29.209   29.560   31.629   31.973   32.961
            0.100000  0.173205  0.000000
   -6.224   -5.618   -4.171   -4.157   -4.105   -4.102   -4.054   -3.981   -3.962   -3.909
   -3.866   -2.436    2.787    6.644    7.169    7.883    8.905    8.914   12.610   14.746
   17.499   17.555   19.691   19.751   19.817   21.352   22.563   23.237   27.193   27.330
   28.119   29.320   30.544   30.923   32.872
            0.066667  0.115470  0.000000
   -6.356   -5.645   -4.190   -4.172   -4.144   -4.121   -4.107   -3.971   -3.963   -3.892
   -3.870   -2.539    2.569    7.393    7.861    8.304    9.077    9.105   11.928   14.089
   17.965   18.107   19.358   19.912   20.124   21.024   22.796   23.853   26.183   27.044
   27.328   28.499   28.976   31.198   32.657
            0.033333  0.057735  0.000000
   -6.444   -5.666   -4.201   -4.184   -4.177   -4.130   -4.127   -3.965   -3.963   -3.878
   -3.872   -2.606    2.434    8.004    8.179    8.894    9.174    9.215   11.294   13.548
   18.196   18.710   19.081   19.825   20.551   20.817   23.380   24.479   25.123   26.858
   27.077   27.629   27.652   30.872   32.654
            0.000000  0.000000  0.000000
   -6.475   -5.673   -4.203   -4.189   -4.189   -4.134   -4.134   -3.962   -3.962   -3.873
   -3.873   -2.629    2.388    8.254    8.254    9.203    9.246    9.246   10.962   13.325
   18.261   18.990   18.990   19.768   20.744   20.744   23.712   24.739   24.739   26.984
   26.984   27.020   27.131   30.519   32.986
