#  E (eV)   dos(E)     Int dos(E) EFermi =    9.981 eV
 -10.000  0.0000E+00  0.0000E+00
  -9.900  0.0000E+00  0.0000E+00
  -9.800  0.0000E+00  0.0000E+00
  -9.700  0.0000E+00  0.0000E+00
  -9.600  0.0000E+00  0.0000E+00
  -9.500  0.0000E+00  0.0000E+00
  -9.400  0.0000E+00  0.0000E+00
  -9.300  0.0000E+00  0.0000E+00
  -9.200  0.0000E+00  0.0000E+00
  -9.100  0.0000E+00  0.0000E+00
  -9.000  0.0000E+00  0.0000E+00
  -8.900  0.0000E+00  0.0000E+00
  -8.800  0.0000E+00  0.0000E+00
  -8.700  0.0000E+00  0.0000E+00
  -8.600  0.0000E+00  0.0000E+00
  -8.500  0.0000E+00  0.0000E+00
  -8.400  0.0000E+00  0.0000E+00
  -8.300  0.0000E+00  0.0000E+00
  -8.200  0.0000E+00  0.0000E+00
  -8.100  0.0000E+00  0.0000E+00
  -8.000  0.0000E+00  0.0000E+00
  -7.900  0.0000E+00  0.0000E+00
  -7.800  0.0000E+00  0.0000E+00
  -7.700  0.0000E+00  0.0000E+00
  -7.600  0.0000E+00  0.0000E+00
  -7.500  0.0000E+00  0.0000E+00
  -7.400  0.0000E+00  0.0000E+00
  -7.300  0.0000E+00  0.0000E+00
  -7.200  0.0000E+00  0.0000E+00
  -7.100  0.0000E+00  0.0000E+00
  -7.000  0.0000E+00  0.0000E+00
  -6.900  0.0000E+00  0.0000E+00
  -6.800  0.0000E+00  0.0000E+00
  -6.700  0.0000E+00  0.0000E+00
  -6.600  0.0000E+00  0.0000E+00
  -6.500  0.0000E+00  0.0000E+00
  -6.400  0.2847E-01  0.7106E-03
  -6.300  0.1553E+00  0.9053E-02
  -6.200  0.3895E+00  0.3517E-01
  -6.100  0.8935E+00  0.9882E-01
  -6.000  0.1484E+01  0.2161E+00
  -5.900  0.2288E+01  0.4036E+00
  -5.800  0.3566E+01  0.6929E+00
  -5.700  0.6450E+01  0.1169E+01
  -5.600  0.2800E+02  0.2388E+01
  -5.500  0.0000E+00  0.4000E+01
  -5.400  0.0000E+00  0.4000E+01
  -5.300  0.0000E+00  0.4000E+01
  -5.200  0.0000E+00  0.4000E+01
  -5.100  0.0000E+00  0.4000E+01
  -5.000  0.0000E+00  0.4000E+01
  -4.900  0.0000E+00  0.4000E+01
  -4.800  0.0000E+00  0.4000E+01
  -4.700  0.0000E+00  0.4000E+01
  -4.600  0.0000E+00  0.4000E+01
  -4.500  0.0000E+00  0.4000E+01
  -4.400  0.0000E+00  0.4000E+01
  -4.300  0.0000E+00  0.4000E+01
  -4.200  0.4793E-01  0.4000E+01
  -4.100  0.8021E+02  0.7782E+01
  -4.000  0.3116E+02  0.1223E+02
  -3.900  0.4486E+02  0.1751E+02
  -3.800  0.1984E+01  0.2015E+02
  -3.700  0.1877E+01  0.2035E+02
  -3.600  0.8786E+00  0.2048E+02
  -3.500  0.9435E+00  0.2057E+02
  -3.400  0.1010E+01  0.2066E+02
  -3.300  0.1201E+01  0.2077E+02
  -3.200  0.1422E+01  0.2091E+02
  -3.100  0.1673E+01  0.2106E+02
  -3.000  0.1956E+01  0.2124E+02
  -2.900  0.2647E+01  0.2145E+02
  -2.800  0.3976E+01  0.2179E+02
  -2.700  0.4717E+01  0.2228E+02
  -2.600  0.1597E+01  0.2255E+02
  -2.500  0.1907E+01  0.2272E+02
  -2.400  0.2201E+01  0.2293E+02
  -2.300  0.3879E+01  0.2319E+02
  -2.200  0.2978E+01  0.2364E+02
  -2.100  0.1687E+01  0.2387E+02
  -2.000  0.6394E+00  0.2398E+02
  -1.900  0.0000E+00  0.2400E+02
  -1.800  0.0000E+00  0.2400E+02
  -1.700  0.0000E+00  0.2400E+02
  -1.600  0.0000E+00  0.2400E+02
  -1.500  0.0000E+00  0.2400E+02
  -1.400  0.0000E+00  0.2400E+02
  -1.300  0.0000E+00  0.2400E+02
  -1.200  0.0000E+00  0.2400E+02
  -1.100  0.0000E+00  0.2400E+02
  -1.000  0.0000E+00  0.2400E+02
  -0.900  0.0000E+00  0.2400E+02
  -0.800  0.0000E+00  0.2400E+02
  -0.700  0.0000E+00  0.2400E+02
  -0.600  0.0000E+00  0.2400E+02
  -0.500  0.0000E+00  0.2400E+02
  -0.400  0.0000E+00  0.2400E+02
  -0.300  0.0000E+00  0.2400E+02
  -0.200  0.0000E+00  0.2400E+02
  -0.100  0.0000E+00  0.2400E+02
   0.000  0.0000E+00  0.2400E+02
   0.100  0.0000E+00  0.2400E+02
   0.200  0.0000E+00  0.2400E+02
   0.300  0.0000E+00  0.2400E+02
   0.400  0.0000E+00  0.2400E+02
   0.500  0.0000E+00  0.2400E+02
   0.600  0.0000E+00  0.2400E+02
   0.700  0.0000E+00  0.2400E+02
   0.800  0.0000E+00  0.2400E+02
   0.900  0.0000E+00  0.2400E+02
   1.000  0.0000E+00  0.2400E+02
   1.100  0.0000E+00  0.2400E+02
   1.200  0.0000E+00  0.2400E+02
   1.300  0.0000E+00  0.2400E+02
   1.400  0.0000E+00  0.2400E+02
   1.500  0.0000E+00  0.2400E+02
   1.600  0.0000E+00  0.2400E+02
   1.700  0.0000E+00  0.2400E+02
   1.800  0.0000E+00  0.2400E+02
   1.900  0.0000E+00  0.2400E+02
   2.000  0.0000E+00  0.2400E+02
   2.100  0.0000E+00  0.2400E+02
   2.200  0.0000E+00  0.2400E+02
   2.300  0.0000E+00  0.2400E+02
   2.400  0.5494E-04  0.2400E+02
   2.500  0.4469E-02  0.2400E+02
   2.600  0.1595E-01  0.2400E+02
   2.700  0.8235E-01  0.2400E+02
   2.800  0.3279E+00  0.2402E+02
   2.900  0.7030E+00  0.2407E+02
   3.000  0.1187E+01  0.2417E+02
   3.100  0.1681E+01  0.2431E+02
   3.200  0.2288E+01  0.2451E+02
   3.300  0.2782E+01  0.2476E+02
   3.400  0.2594E+01  0.2507E+02
   3.500  0.2496E+01  0.2532E+02
   3.600  0.2397E+01  0.2557E+02
   3.700  0.2200E+01  0.2579E+02
   3.800  0.1998E+01  0.2605E+02
   3.900  0.1939E+01  0.2625E+02
   4.000  0.1891E+01  0.2644E+02
   4.100  0.1323E+01  0.2672E+02
   4.200  0.1131E+01  0.2685E+02
   4.300  0.7432E+00  0.2693E+02
   4.400  0.7244E+00  0.2701E+02
   4.500  0.7054E+00  0.2708E+02
   4.600  0.6862E+00  0.2715E+02
   4.700  0.6668E+00  0.2722E+02
   4.800  0.6473E+00  0.2728E+02
   4.900  0.6275E+00  0.2735E+02
   5.000  0.6076E+00  0.2741E+02
   5.100  0.5875E+00  0.2747E+02
   5.200  0.5782E+00  0.2753E+02
   5.300  0.1014E+01  0.2760E+02
   5.400  0.1648E+01  0.2775E+02
   5.500  0.1691E+01  0.2791E+02
   5.600  0.1668E+01  0.2812E+02
   5.700  0.1820E+01  0.2830E+02
   5.800  0.1961E+01  0.2849E+02
   5.900  0.2093E+01  0.2869E+02
   6.000  0.2215E+01  0.2891E+02
   6.100  0.2328E+01  0.2913E+02
   6.200  0.2430E+01  0.2937E+02
   6.300  0.2523E+01  0.2962E+02
   6.400  0.1886E+01  0.2986E+02
   6.500  0.1400E+01  0.3002E+02
   6.600  0.1770E+01  0.3023E+02
   6.700  0.1739E+01  0.3041E+02
   6.800  0.1687E+01  0.3058E+02
   6.900  0.2309E+01  0.3082E+02
   7.000  0.2574E+01  0.3107E+02
   7.100  0.2814E+01  0.3134E+02
   7.200  0.2876E+01  0.3163E+02
   7.300  0.2447E+01  0.3189E+02
   7.400  0.2321E+01  0.3212E+02
   7.500  0.2547E+01  0.3237E+02
   7.600  0.2670E+01  0.3263E+02
   7.700  0.2911E+01  0.3291E+02
   7.800  0.2996E+01  0.3321E+02
   7.900  0.4739E+01  0.3358E+02
   8.000  0.3482E+01  0.3406E+02
   8.100  0.3229E+01  0.3439E+02
   8.200  0.2934E+01  0.3470E+02
   8.300  0.2579E+01  0.3498E+02
   8.400  0.2067E+01  0.3521E+02
   8.500  0.1788E+01  0.3541E+02
   8.600  0.1551E+01  0.3557E+02
   8.700  0.1301E+01  0.3572E+02
   8.800  0.1036E+01  0.3583E+02
   8.900  0.6951E+00  0.3592E+02
   9.000  0.3355E+00  0.3597E+02
   9.100  0.1177E+00  0.3599E+02
   9.200  0.1159E-01  0.3600E+02
   9.300  0.0000E+00  0.3600E+02
   9.400  0.0000E+00  0.3600E+02
   9.500  0.0000E+00  0.3600E+02
   9.600  0.0000E+00  0.3600E+02
   9.700  0.0000E+00  0.3600E+02
   9.800  0.0000E+00  0.3600E+02
   9.900  0.0000E+00  0.3600E+02
  10.000  0.0000E+00  0.3600E+02
  10.100  0.0000E+00  0.3600E+02
  10.200  0.0000E+00  0.3600E+02
  10.300  0.0000E+00  0.3600E+02
  10.400  0.0000E+00  0.3600E+02
  10.500  0.0000E+00  0.3600E+02
  10.600  0.0000E+00  0.3600E+02
  10.700  0.0000E+00  0.3600E+02
  10.800  0.0000E+00  0.3600E+02
  10.900  0.0000E+00  0.3600E+02
  11.000  0.5495E-04  0.3600E+02
  11.100  0.7244E-03  0.3600E+02
  11.200  0.2155E-02  0.3600E+02
  11.300  0.4346E-02  0.3600E+02
  11.400  0.7297E-02  0.3600E+02
  11.500  0.1101E-01  0.3600E+02
  11.600  0.1548E-01  0.3600E+02
  11.700  0.2072E-01  0.3601E+02
  11.800  0.2671E-01  0.3601E+02
  11.900  0.3347E-01  0.3601E+02
  12.000  0.4098E-01  0.3601E+02
  12.100  0.4926E-01  0.3602E+02
  12.200  0.5830E-01  0.3602E+02
  12.300  0.6809E-01  0.3603E+02
  12.400  0.7865E-01  0.3604E+02
  12.500  0.8997E-01  0.3605E+02
  12.600  0.1021E+00  0.3606E+02
  12.700  0.1242E+00  0.3607E+02
  12.800  0.1648E+00  0.3608E+02
  12.900  0.2097E+00  0.3610E+02
  13.000  0.2589E+00  0.3612E+02
  13.100  0.3125E+00  0.3615E+02
  13.200  0.3704E+00  0.3619E+02
  13.300  0.4548E+00  0.3623E+02
  13.400  0.6983E+00  0.3628E+02
  13.500  0.9535E+00  0.3637E+02
  13.600  0.1187E+01  0.3647E+02
  13.700  0.1332E+01  0.3660E+02
  13.800  0.1385E+01  0.3674E+02
  13.900  0.1417E+01  0.3688E+02
  14.000  0.1428E+01  0.3702E+02
  14.100  0.1417E+01  0.3716E+02
  14.200  0.1435E+01  0.3730E+02
  14.300  0.1502E+01  0.3745E+02
  14.400  0.1609E+01  0.3761E+02
  14.500  0.1757E+01  0.3777E+02
  14.600  0.1946E+01  0.3796E+02
  14.700  0.2170E+01  0.3816E+02
  14.800  0.2418E+01  0.3839E+02
  14.900  0.2688E+01  0.3865E+02
  15.000  0.3653E+01  0.3905E+02
  15.100  0.2874E+01  0.3940E+02
  15.200  0.1705E+01  0.3962E+02
  15.300  0.1094E+01  0.3980E+02
  15.400  0.7542E+00  0.3989E+02
  15.500  0.5014E+00  0.3995E+02
  15.600  0.3351E+00  0.3999E+02
  15.700  0.1009E+00  0.4002E+02
  15.800  0.1478E+00  0.4003E+02
  15.900  0.2037E+00  0.4005E+02
  16.000  0.2685E+00  0.4007E+02
  16.100  0.3423E+00  0.4010E+02
  16.200  0.4251E+00  0.4014E+02
  16.300  0.5167E+00  0.4019E+02
  16.400  0.1504E+01  0.4026E+02
  16.500  0.2838E+01  0.4048E+02
  16.600  0.3150E+01  0.4078E+02
  16.700  0.2900E+01  0.4109E+02
  16.800  0.2510E+01  0.4136E+02
  16.900  0.2873E+01  0.4161E+02
  17.000  0.3678E+01  0.4204E+02
  17.100  0.6154E+01  0.4254E+02
  17.200  0.2656E+01  0.4309E+02
  17.300  0.2232E+01  0.4334E+02
  17.400  0.1756E+01  0.4354E+02
  17.500  0.1229E+01  0.4368E+02
  17.600  0.6593E+00  0.4378E+02
  17.700  0.4770E+00  0.4383E+02
  17.800  0.3857E+00  0.4388E+02
  17.900  0.6187E+00  0.4396E+02
  18.000  0.6587E+00  0.4402E+02
  18.100  0.7240E+00  0.4409E+02
  18.200  0.8358E+00  0.4417E+02
  18.300  0.9779E+00  0.4426E+02
  18.400  0.1496E+01  0.4441E+02
  18.500  0.1784E+01  0.4457E+02
  18.600  0.2106E+01  0.4477E+02
  18.700  0.2341E+01  0.4499E+02
  18.800  0.2760E+01  0.4525E+02
  18.900  0.3923E+01  0.4557E+02
  19.000  0.4138E+01  0.4598E+02
  19.100  0.3688E+01  0.4638E+02
  19.200  0.2168E+01  0.4669E+02
  19.300  0.2048E+01  0.4690E+02
  19.400  0.2612E+01  0.4712E+02
  19.500  0.2559E+01  0.4739E+02
  19.600  0.2605E+01  0.4765E+02
  19.700  0.1733E+01  0.4787E+02
  19.800  0.0000E+00  0.4800E+02
  19.900  0.0000E+00  0.4800E+02
  20.000  0.1818E-01  0.4800E+02
