CELL_PARAMETERS angstrom
9.66 0.0 0.0
-4.83 8.3658054 0.0
0.0 0.0 15.75

ATOMIC_POSITIONS angstrom
Ga 0.0 1.85906787 0.0
Ga 1.61 0.92953393 2.625
N 0.0 1.85906787 1.9760055
N 1.61 0.92953393 4.6010055
Ga 3.22 1.85906787 0.0
Ga 4.83 0.92953393 2.625
N 3.22 1.85906787 1.9760055
N 4.83 0.92953393 4.6010055
Ga 6.44 1.85906787 0.0
Ga 8.05 0.92953393 2.625
N 6.44 1.85906787 1.9760055
N 8.05 0.92953393 4.6010055
Ga -1.61 4.64766967 0.0
Ga -0.0 3.71813573 2.625
N -1.61 4.64766967 1.9760055
N -0.0 3.71813573 4.6010055
Ga 1.61 4.64766967 0.0
Ga 3.22 3.71813573 2.625
N 1.61 4.64766967 1.9760055
N 3.22 3.71813573 4.6010055
Ga 4.83 4.64766967 0.0
Ga 6.44 3.71813573 2.625
N 4.83 4.64766967 1.9760055
N 6.44 3.71813573 4.6010055
Ga -3.22 7.43627146 0.0
Ga -1.61 6.50673753 2.625
N -3.22 7.43627146 1.9760055
N -1.61 6.50673753 4.6010055
Ga 0.0 7.43627146 0.0
Ga 1.61 6.50673753 2.625
N 0.0 7.43627146 1.9760055
N 1.61 6.50673753 4.6010055
Ga 3.22 7.43627146 0.0
Ga 4.83 6.50673753 2.625
N 3.22 7.43627146 1.9760055
N 4.83 6.50673753 4.6010055
Ga 0.0 1.85906787 5.25
Ga 1.61 0.92953393 7.875
N 0.0 1.85906787 7.2260055
N 1.61 0.92953393 9.8510055
Ga 3.22 1.85906787 5.25
Ga 4.83 0.92953393 7.875
N 3.22 1.85906787 7.2260055
N 4.83 0.92953393 9.8510055
Ga 6.44 1.85906787 5.25
Ga 8.05 0.92953393 7.875
N 6.44 1.85906787 7.2260055
N 8.05 0.92953393 9.8510055
Ga -1.61 4.64766967 5.25
Ga -0.0 3.71813573 7.875
N -1.61 4.64766967 7.2260055
N -0.0 3.71813573 9.8510055
Ga 1.61 4.64766967 5.25
Ga 3.22 3.71813573 7.875
N 1.61 4.64766967 7.2260055
N 3.22 3.71813573 9.8510055
Ga 4.83 4.64766967 5.25
Ga 6.44 3.71813573 7.875
N 4.83 4.64766967 7.2260055
N 6.44 3.71813573 9.8510055
Ga -3.22 7.43627146 5.25
Ga -1.61 6.50673753 7.875
N -3.22 7.43627146 7.2260055
N -1.61 6.50673753 9.8510055
Ga 0.0 7.43627146 5.25
Ga 1.61 6.50673753 7.875
N 0.0 7.43627146 7.2260055
N 1.61 6.50673753 9.8510055
Ga 3.22 7.43627146 5.25
Ga 4.83 6.50673753 7.875
N 3.22 7.43627146 7.2260055
N 4.83 6.50673753 9.8510055
Ga 0.0 1.85906787 10.5
Ga 1.61 0.92953393 13.125
N 0.0 1.85906787 12.4760055
N 1.61 0.92953393 15.1010055
Ga 3.22 1.85906787 10.5
Ga 4.83 0.92953393 13.125
N 3.22 1.85906787 12.4760055
N 4.83 0.92953393 15.1010055
Ga 6.44 1.85906787 10.5
Ga 8.05 0.92953393 13.125
N 6.44 1.85906787 12.4760055
N 8.05 0.92953393 15.1010055
Ga -1.61 4.64766967 10.5
Ga -0.0 3.71813573 13.125
N -1.61 4.64766967 12.4760055
N -0.0 3.71813573 15.1010055
Ga 1.61 4.64766967 10.5
Ga 3.22 3.71813573 13.125
N 1.61 4.64766967 12.4760055
N 3.22 3.71813573 15.1010055
Ga 4.83 4.64766967 10.5
Ga 6.44 3.71813573 13.125
N 4.83 4.64766967 12.4760055
N 6.44 3.71813573 15.1010055
Ga -3.22 7.43627146 10.5
Ga -1.61 6.50673753 13.125
N -3.22 7.43627146 12.4760055
N -1.61 6.50673753 15.1010055
Ga 0.0 7.43627146 10.5
Ga 1.61 6.50673753 13.125
N 0.0 7.43627146 12.4760055
N 1.61 6.50673753 15.1010055
Ga 3.22 7.43627146 10.5
Ga 4.83 6.50673753 13.125
N 3.22 7.43627146 12.4760055
N 4.83 6.50673753 15.1010055
